----------- GRAPH -----------
Number of Preferences: 280
Number of Outcomes: 128
Number of Edges: 778
----------- STATS -----------
Algorithm used: Algorithm.MFAS
Runtime: 5.862835645675659seconds
Number of Iterations: 15
Number of Rows in Final Cycle Matrix: 1293
History of Number of Rows in the Cycle Matrix: [394, 553, 695, 793, 931, 1040, 1154, 1187, 1192, 1209, 1221, 1263, 1288, 1292, 1293]
Number of Constraints in Final Iteration: 1293
History of Constraint Nums: [394, 553, 695, 793, 931, 1040, 1154, 1187, 1192, 1209, 1221, 1263, 1288, 1292, 1293]
Number of Edges Removed: 330
Feedback Edge Set: [(64, 72), (64, 80), (0, 8), (0, 4), (0, 64), (0, 1), (0, 32), (65, 1), (65, 69), (65, 97), (65, 81), (1, 9), (1, 33), (2, 66), (2, 6), (2, 18), (66, 70), (66, 82), (3, 11), (3, 19), (67, 66), (67, 83), (68, 4), (68, 76), (68, 64), (68, 69), (68, 84), (68, 70), (4, 12), (5, 13), (5, 4), (5, 69), (5, 37), (6, 70), (6, 14), (6, 4), (7, 15), (7, 5), (7, 6), (7, 39), (7, 23), (71, 79), (71, 69), (71, 103), (71, 87), (71, 67), (71, 70), (8, 24), (8, 12), (72, 88), (72, 8), (72, 76), (9, 25), (9, 8), (9, 13), (73, 105), (73, 89), (73, 65), (73, 77), (74, 90), (74, 66), (74, 78), (10, 26), (10, 2), (10, 14), (10, 74), (75, 11), (75, 91), (75, 74), (75, 67), (11, 43), (11, 10), (76, 78), (76, 77), (12, 28), (12, 13), (12, 76), (77, 69), (77, 79), (13, 77), (78, 70), (14, 12), (14, 46), (14, 15), (14, 78), (15, 31), (15, 13), (15, 79), (16, 18), (80, 16), (17, 21), (81, 89), (81, 85), (81, 80), (82, 80), (19, 18), (83, 82), (20, 21), (84, 92), (84, 80), (84, 85), (84, 86), (21, 85), (85, 69), (85, 93), (86, 70), (86, 82), (22, 6), (22, 18), (22, 20), (22, 86), (87, 83), (87, 85), (87, 119), (23, 31), (23, 19), (23, 21), (23, 87), (24, 28), (88, 120), (88, 89), (88, 24), (88, 80), (88, 90), (25, 57), (25, 29), (25, 24), (26, 90), (26, 24), (26, 18), (27, 59), (27, 25), (27, 26), (27, 11), (27, 19), (91, 123), (91, 89), (91, 90), (91, 27), (92, 76), (28, 29), (28, 92), (93, 77), (93, 92), (29, 13), (29, 93), (94, 95), (94, 78), (30, 31), (30, 14), (30, 94), (30, 22), (95, 79), (31, 95), (32, 96), (32, 40), (32, 36), (32, 33), (96, 64), (96, 104), (96, 100), (96, 97), (33, 97), (33, 41), (33, 37), (33, 49), (97, 105), (34, 98), (34, 38), (34, 35), (34, 50), (98, 102), (98, 99), (98, 114), (35, 43), (35, 39), (35, 33), (35, 51), (99, 97), (99, 35), (99, 115), (36, 100), (36, 4), (36, 44), (36, 37), (100, 68), (100, 102), (37, 45), (37, 53), (101, 69), (101, 109), (101, 100), (101, 37), (101, 103), (38, 102), (38, 36), (38, 54), (102, 118), (39, 47), (39, 37), (103, 111), (103, 39), (103, 119), (103, 99), (40, 44), (104, 120), (104, 40), (41, 105), (41, 57), (41, 9), (41, 45), (105, 121), (105, 109), (42, 106), (42, 58), (42, 34), (42, 46), (42, 43), (42, 10), (106, 122), (106, 98), (106, 110), (106, 74), (107, 123), (107, 106), (107, 75), (107, 99), (107, 43), (107, 111), (108, 104), (108, 44), (108, 100), (108, 110), (45, 109), (45, 44), (45, 13), (109, 125), (109, 108), (109, 77), (109, 111), (110, 78), (110, 126), (110, 102), (46, 62), (46, 44), (46, 38), (47, 63), (47, 43), (47, 45), (47, 111), (112, 113), (112, 80), (48, 32), (48, 56), (48, 16), (48, 49), (48, 52), (113, 49), (113, 117), (114, 82), (50, 58), (50, 114), (50, 18), (50, 54), (115, 119), (115, 83), (115, 114), (51, 115), (51, 55), (51, 19), (52, 116), (52, 36), (52, 53), (52, 20), (116, 84), (116, 118), (53, 49), (117, 53), (117, 119), (117, 116), (54, 118), (54, 62), (54, 52), (118, 119), (55, 119), (55, 23), (55, 39), (55, 63), (55, 53), (56, 24), (56, 40), (56, 57), (120, 121), (120, 56), (120, 112), (120, 122), (57, 49), (121, 89), (121, 57), (121, 113), (121, 125), (121, 123), (58, 122), (58, 56), (58, 26), (122, 90), (59, 123), (59, 57), (59, 43), (59, 51), (60, 124), (60, 56), (60, 28), (60, 44), (60, 52), (124, 120), (124, 126), (124, 125), (124, 92), (124, 108), (124, 116), (61, 125), (61, 57), (61, 29), (61, 45), (61, 53), (125, 93), (125, 117), (62, 60), (127, 111)]
----------- STATS -----------
Algorithm used: Algorithm.EDGES
Runtime: 2.758589029312134seconds
Number of Iterations: 2
Number of Rows in Final Cycle Matrix: 396
History of Number of Rows in the Cycle Matrix: [394, 396]
Number of Constraints in Final Iteration: 5206
History of Constraint Nums: [5204, 5206]
Number of Prefs Removed (size of minFBPS): 126
Minimum Feedback Pref Set: [4, 8, 13, 20, 24, 25, 29, 32, 34, 48, 56, 58, 60, 61, 64, 66, 67, 69, 75, 77, 84, 86, 91, 92, 93, 94, 95, 96, 97, 99, 100, 101, 102, 105, 106, 107, 108, 110, 116, 117, 118, 119, 123, 124, 127, 128, 129, 130, 132, 133, 134, 135, 137, 138, 139, 140, 141, 142, 143, 144, 146, 147, 148, 149, 151, 156, 157, 162, 165, 166, 167, 171, 173, 176, 180, 182, 183, 184, 186, 187, 188, 190, 193, 208, 209, 210, 211, 213, 215, 216, 217, 220, 221, 223, 224, 225, 226, 227, 228, 229, 231, 232, 233, 235, 236, 240, 241, 242, 245, 248, 253, 255, 256, 257, 258, 259, 264, 265, 266, 267, 268, 270, 272, 273, 274, 275]
Number of Edges Removed: 330
Feedback Edge Set: [(0, 64), (0, 1), (1, 65), (66, 2), (66, 67), (68, 64), (68, 69), (4, 0), (4, 5), (4, 68), (69, 65), (5, 69), (6, 4), (6, 2), (70, 68), (70, 6), (70, 66), (7, 5), (7, 6), (7, 39), (71, 69), (71, 103), (71, 67), (71, 70), (8, 72), (8, 0), (8, 12), (8, 9), (72, 64), (72, 76), (9, 1), (9, 13), (73, 65), (73, 77), (74, 66), (74, 78), (74, 75), (10, 11), (10, 2), (10, 14), (10, 74), (75, 67), (11, 75), (11, 3), (76, 68), (76, 77), (12, 4), (12, 13), (12, 76), (77, 69), (13, 5), (13, 77), (78, 76), (78, 110), (78, 70), (14, 12), (14, 46), (14, 6), (14, 15), (14, 78), (79, 77), (79, 71), (15, 13), (15, 79), (15, 7), (16, 80), (80, 64), (80, 84), (17, 21), (81, 65), (81, 85), (81, 80), (18, 2), (18, 16), (18, 19), (18, 22), (82, 66), (82, 80), (82, 86), (19, 3), (19, 23), (83, 67), (83, 82), (83, 87), (84, 68), (21, 20), (85, 69), (85, 21), (85, 84), (86, 70), (86, 84), (22, 6), (22, 20), (22, 86), (87, 71), (87, 85), (87, 119), (23, 7), (23, 21), (23, 55), (23, 87), (24, 25), (24, 8), (24, 28), (88, 24), (88, 72), (88, 80), (25, 9), (25, 29), (89, 73), (89, 81), (89, 88), (26, 90), (26, 24), (26, 10), (26, 27), (26, 18), (90, 88), (90, 74), (90, 91), (27, 91), (27, 25), (27, 11), (27, 19), (91, 89), (91, 75), (92, 76), (92, 84), (28, 12), (28, 29), (28, 92), (93, 77), (93, 85), (93, 92), (29, 13), (29, 93), (94, 95), (94, 78), (30, 14), (30, 94), (30, 22), (95, 79), (31, 15), (31, 95), (31, 23), (31, 30), (32, 0), (96, 64), (96, 32), (33, 1), (33, 32), (97, 65), (97, 33), (97, 96), (34, 35), (98, 34), (98, 99), (35, 33), (99, 97), (99, 35), (36, 4), (36, 32), (36, 37), (100, 68), (100, 36), (100, 96), (100, 101), (37, 5), (37, 33), (101, 69), (101, 37), (38, 36), (38, 34), (102, 100), (102, 38), (102, 98), (39, 37), (39, 35), (103, 101), (103, 39), (103, 99), (40, 104), (40, 32), (40, 44), (104, 96), (104, 108), (41, 9), (41, 33), (41, 45), (105, 73), (105, 97), (105, 41), (105, 109), (42, 34), (42, 46), (42, 43), (42, 10), (106, 42), (106, 98), (106, 110), (106, 107), (106, 74), (43, 11), (43, 35), (43, 47), (107, 75), (107, 99), (107, 43), (107, 111), (44, 36), (44, 45), (108, 44), (108, 100), (108, 109), (45, 13), (45, 37), (109, 45), (109, 77), (109, 101), (110, 108), (110, 102), (46, 44), (46, 38), (111, 109), (111, 103), (47, 45), (47, 111), (47, 39), (112, 113), (112, 80), (48, 32), (48, 16), (48, 49), (48, 52), (113, 49), (113, 117), (49, 33), (49, 53), (114, 50), (114, 98), (114, 115), (114, 82), (50, 34), (50, 18), (50, 54), (115, 51), (115, 99), (115, 119), (115, 83), (51, 35), (51, 55), (51, 19), (52, 36), (52, 53), (52, 20), (116, 117), (116, 84), (116, 52), (53, 37), (117, 53), (54, 38), (54, 52), (118, 102), (118, 116), (118, 119), (118, 54), (55, 39), (55, 53), (119, 103), (119, 117), (119, 55), (56, 24), (56, 40), (56, 48), (56, 60), (120, 121), (120, 56), (120, 88), (120, 104), (120, 112), (120, 124), (57, 56), (57, 25), (57, 41), (57, 49), (57, 61), (121, 89), (121, 105), (121, 57), (121, 113), (121, 125), (58, 122), (58, 56), (58, 26), (58, 42), (58, 50), (122, 120), (122, 90), (122, 106), (59, 123), (59, 57), (59, 27), (59, 43), (59, 51), (123, 121), (123, 91), (123, 107), (60, 28), (60, 44), (60, 52), (124, 125), (124, 60), (124, 92), (124, 108), (124, 116), (61, 29), (61, 45), (61, 53), (125, 61), (125, 93), (125, 109), (125, 117), (126, 110), (126, 124), (62, 46), (62, 60), (62, 54), (127, 111), (63, 47), (63, 55)]
----------- STATS -----------
Algorithm used: Algorithm.PREFS
Runtime: 2.2664999961853027seconds
Number of Iterations: 2
Number of Rows in Final Cycle Matrix: 534
History of Number of Rows in the Cycle Matrix: [394, 534]
Number of Constraints in Final Iteration: 1878
History of Constraint Nums: [1738, 1878]
Number of Prefs Removed (size of minFBPS): 90
Minimum Feedback Pref Set: [0, 2, 5, 11, 13, 21, 22, 24, 25, 27, 29, 30, 39, 46, 48, 50, 51, 52, 53, 58, 60, 62, 71, 72, 77, 80, 81, 84, 87, 88, 96, 97, 99, 101, 103, 110, 111, 116, 119, 130, 132, 134, 135, 137, 138, 139, 140, 143, 145, 146, 147, 148, 149, 150, 151, 162, 165, 171, 172, 186, 187, 188, 189, 190, 193, 199, 207, 212, 214, 221, 229, 245, 247, 248, 249, 251, 252, 253, 254, 255, 258, 262, 265, 268, 270, 271, 274, 276, 277, 278]
Number of Edges Removed: 358
Feedback Edge Set: [(64, 0), (64, 72), (64, 68), (64, 96), (64, 80), (0, 8), (0, 1), (0, 32), (65, 1), (65, 73), (65, 69), (65, 97), (65, 81), (1, 9), (1, 65), (1, 33), (2, 10), (66, 74), (66, 70), (66, 2), (66, 67), (3, 11), (67, 75), (67, 71), (67, 66), (68, 4), (68, 76), (68, 100), (68, 84), (68, 70), (4, 12), (4, 0), (4, 5), (4, 68), (4, 36), (4, 6), (69, 5), (69, 77), (69, 68), (69, 101), (69, 85), (69, 71), (5, 13), (5, 37), (5, 7), (6, 14), (6, 2), (6, 7), (70, 78), (70, 6), (7, 15), (7, 39), (71, 79), (71, 103), (71, 70), (8, 9), (72, 8), (74, 78), (10, 14), (10, 74), (75, 11), (75, 74), (11, 10), (76, 72), (12, 8), (12, 13), (12, 76), (77, 73), (77, 76), (13, 9), (13, 77), (78, 76), (14, 12), (14, 15), (14, 78), (79, 77), (15, 13), (15, 79), (16, 24), (80, 64), (80, 88), (80, 16), (17, 25), (17, 21), (81, 65), (81, 89), (81, 80), (18, 2), (18, 26), (18, 16), (18, 19), (82, 66), (82, 90), (82, 80), (19, 3), (19, 27), (83, 67), (83, 91), (83, 82), (20, 28), (20, 21), (84, 68), (84, 92), (84, 80), (21, 29), (21, 23), (85, 69), (85, 93), (85, 81), (85, 21), (85, 87), (85, 84), (86, 22), (86, 70), (86, 94), (86, 82), (86, 84), (22, 6), (22, 30), (22, 18), (22, 20), (87, 71), (87, 95), (87, 83), (87, 85), (87, 119), (23, 7), (23, 31), (23, 19), (23, 21), (23, 55), (23, 87), (24, 8), (24, 28), (24, 26), (88, 24), (88, 72), (88, 90), (25, 9), (25, 29), (25, 27), (25, 24), (89, 73), (89, 91), (89, 88), (26, 90), (26, 10), (26, 27), (90, 74), (90, 91), (27, 91), (27, 11), (91, 90), (91, 75), (92, 124), (92, 76), (28, 60), (28, 12), (28, 29), (28, 92), (93, 125), (93, 77), (93, 92), (29, 61), (29, 13), (29, 93), (94, 78), (30, 14), (30, 94), (95, 79), (95, 94), (31, 15), (31, 95), (31, 30), (32, 40), (32, 36), (32, 33), (96, 104), (96, 97), (96, 32), (33, 41), (33, 37), (97, 105), (97, 33), (34, 42), (34, 38), (98, 106), (98, 102), (98, 34), (35, 43), (35, 39), (35, 34), (35, 33), (99, 107), (99, 103), (99, 98), (99, 97), (99, 35), (36, 44), (36, 38), (36, 37), (100, 108), (100, 36), (100, 96), (100, 102), (100, 101), (37, 45), (37, 39), (101, 109), (101, 37), (101, 103), (38, 46), (102, 110), (102, 38), (39, 47), (103, 111), (103, 39), (40, 41), (104, 105), (104, 40), (41, 9), (105, 73), (105, 41), (42, 106), (42, 10), (106, 74), (43, 42), (43, 11), (107, 106), (107, 75), (107, 43), (44, 108), (44, 40), (44, 45), (44, 46), (108, 104), (108, 109), (108, 110), (45, 109), (45, 41), (45, 13), (109, 105), (109, 77), (110, 78), (110, 106), (46, 14), (46, 42), (111, 79), (111, 107), (111, 109), (47, 15), (47, 43), (47, 45), (47, 111), (112, 48), (112, 120), (112, 80), (48, 32), (48, 56), (48, 16), (48, 49), (113, 49), (113, 121), (113, 117), (113, 112), (49, 33), (49, 57), (114, 50), (114, 98), (114, 122), (114, 82), (50, 34), (50, 58), (50, 18), (115, 51), (115, 99), (115, 123), (115, 119), (115, 83), (115, 114), (51, 35), (51, 59), (51, 19), (52, 36), (52, 60), (52, 48), (52, 53), (52, 20), (52, 54), (116, 124), (116, 84), (116, 52), (116, 118), (53, 37), (53, 61), (53, 49), (117, 125), (117, 53), (117, 116), (54, 38), (54, 62), (54, 50), (118, 102), (118, 126), (118, 54), (55, 119), (55, 39), (55, 63), (55, 51), (55, 53), (119, 103), (119, 127), (119, 117), (119, 118), (56, 24), (56, 40), (56, 57), (56, 60), (56, 58), (120, 56), (120, 88), (120, 104), (120, 124), (120, 122), (57, 25), (57, 41), (57, 61), (57, 59), (121, 89), (121, 105), (121, 57), (121, 125), (121, 123), (121, 120), (58, 122), (58, 26), (58, 42), (122, 90), (122, 106), (59, 123), (59, 27), (59, 43), (123, 91), (123, 107), (60, 124), (60, 62), (60, 61), (60, 44), (124, 126), (124, 108), (61, 125), (61, 45), (125, 109), (125, 124), (126, 110), (62, 46), (127, 111), (63, 47)]
