----------- GRAPH -----------
Number of Preferences: 278
Number of Outcomes: 128
Number of Edges: 779
----------- STATS -----------
Algorithm used: Algorithm.MFAS
Runtime: 5.554254770278931seconds
Number of Iterations: 13
Number of Rows in Final Cycle Matrix: 1343
History of Number of Rows in the Cycle Matrix: [418, 576, 710, 841, 975, 1058, 1156, 1213, 1267, 1306, 1317, 1326, 1343]
Number of Constraints in Final Iteration: 1343
History of Constraint Nums: [418, 576, 710, 841, 975, 1058, 1156, 1213, 1267, 1306, 1317, 1326, 1343]
Number of Edges Removed: 331
Feedback Edge Set: [(64, 0), (64, 72), (64, 65), (64, 96), (64, 68), (0, 16), (0, 2), (72, 8), (72, 104), (72, 88), (8, 24), (8, 10), (96, 32), (32, 48), (104, 120), (104, 96), (40, 32), (40, 56), (40, 104), (65, 1), (65, 73), (65, 97), (65, 69), (1, 33), (1, 9), (1, 0), (1, 3), (73, 9), (73, 72), (73, 75), (73, 105), (9, 8), (9, 25), (9, 11), (97, 33), (97, 105), (97, 113), (41, 105), (41, 33), (41, 43), (41, 45), (66, 2), (66, 64), (66, 70), (74, 10), (74, 72), (74, 66), (74, 78), (74, 75), (10, 2), (10, 42), (10, 11), (98, 106), (98, 96), (34, 32), (34, 35), (34, 98), (34, 2), (34, 42), (34, 38), (106, 42), (106, 122), (106, 104), (42, 58), (42, 40), (42, 43), (42, 46), (3, 19), (3, 2), (67, 75), (67, 65), (67, 66), (11, 75), (11, 43), (11, 3), (35, 3), (35, 33), (99, 67), (99, 97), (99, 98), (43, 59), (107, 75), (107, 123), (107, 105), (107, 106), (107, 99), (4, 68), (4, 6), (68, 70), (12, 44), (12, 14), (12, 13), (76, 92), (76, 68), (76, 72), (76, 78), (76, 12), (36, 52), (36, 44), (100, 68), (100, 116), (100, 96), (100, 101), (108, 76), (108, 124), (108, 100), (108, 104), (108, 109), (108, 44), (69, 85), (69, 68), (69, 101), (5, 13), (5, 4), (5, 69), (77, 13), (77, 69), (77, 73), (77, 76), (77, 109), (13, 45), (37, 53), (37, 33), (37, 101), (37, 5), (37, 36), (109, 125), (45, 61), (45, 109), (45, 44), (6, 38), (6, 22), (6, 70), (6, 14), (14, 46), (14, 78), (102, 38), (102, 70), (102, 110), (102, 100), (38, 46), (110, 46), (110, 126), (110, 111), (110, 78), (110, 108), (7, 15), (7, 5), (71, 67), (71, 7), (71, 69), (15, 13), (79, 71), (79, 75), (79, 15), (79, 77), (39, 55), (39, 38), (103, 71), (103, 111), (103, 102), (103, 101), (47, 46), (47, 39), (111, 79), (111, 109), (80, 16), (80, 64), (80, 112), (16, 18), (88, 24), (88, 120), (88, 92), (24, 16), (24, 25), (48, 56), (48, 112), (120, 56), (120, 124), (56, 58), (81, 17), (81, 65), (81, 80), (81, 83), (81, 113), (81, 85), (17, 49), (17, 16), (17, 19), (17, 25), (89, 25), (89, 73), (89, 88), (89, 81), (89, 91), (89, 121), (89, 93), (25, 27), (113, 121), (49, 33), (49, 113), (49, 57), (49, 53), (121, 57), (121, 105), (57, 41), (57, 59), (57, 61), (18, 2), (82, 90), (82, 80), (82, 83), (82, 18), (82, 66), (82, 86), (26, 18), (26, 24), (26, 27), (26, 58), (90, 88), (90, 91), (90, 26), (50, 48), (50, 18), (50, 34), (50, 58), (50, 54), (114, 122), (114, 112), (58, 62), (122, 120), (122, 58), (19, 18), (83, 91), (83, 87), (27, 91), (27, 59), (27, 19), (51, 115), (51, 19), (51, 49), (51, 59), (51, 35), (115, 83), (115, 113), (123, 91), (123, 121), (123, 59), (123, 115), (20, 22), (20, 21), (20, 4), (84, 80), (84, 85), (84, 68), (84, 92), (28, 60), (28, 30), (28, 29), (28, 12), (116, 84), (116, 112), (116, 117), (116, 52), (116, 124), (60, 44), (60, 52), (124, 92), (124, 125), (21, 53), (21, 23), (21, 85), (21, 5), (93, 29), (93, 95), (93, 92), (93, 125), (93, 85), (29, 61), (29, 31), (117, 85), (117, 125), (53, 61), (53, 117), (53, 52), (125, 61), (61, 60), (86, 22), (86, 118), (86, 70), (86, 84), (22, 54), (22, 30), (94, 30), (94, 126), (94, 90), (94, 78), (94, 86), (94, 92), (30, 14), (118, 54), (118, 126), (118, 102), (118, 116), (54, 55), (54, 38), (126, 62), (126, 124), (62, 54), (62, 63), (62, 30), (62, 46), (23, 7), (23, 31), (87, 95), (87, 71), (87, 119), (87, 85), (31, 15), (95, 91), (95, 31), (119, 127), (119, 55), (119, 118), (119, 103), (119, 117), (63, 55), (127, 95), (127, 126), (127, 111), (127, 125)]
----------- STATS -----------
Algorithm used: Algorithm.EDGES
Runtime: 3.083808660507202seconds
Number of Iterations: 3
Number of Rows in Final Cycle Matrix: 422
History of Number of Rows in the Cycle Matrix: [418, 421, 422]
Number of Constraints in Final Iteration: 5233
History of Constraint Nums: [5229, 5232, 5233]
Number of Prefs Removed (size of minFBPS): 122
Minimum Feedback Pref Set: [0, 1, 2, 5, 6, 8, 9, 13, 14, 17, 40, 48, 51, 54, 58, 59, 60, 61, 62, 63, 66, 68, 72, 80, 81, 83, 84, 85, 89, 90, 93, 94, 95, 97, 98, 100, 101, 102, 103, 105, 107, 108, 110, 111, 115, 117, 120, 121, 122, 123, 124, 128, 129, 130, 131, 132, 133, 135, 136, 143, 151, 153, 154, 157, 158, 159, 160, 164, 166, 168, 169, 170, 172, 173, 175, 176, 177, 178, 179, 181, 182, 186, 187, 190, 191, 193, 194, 196, 199, 200, 201, 202, 205, 206, 207, 210, 211, 215, 216, 221, 222, 223, 224, 226, 229, 232, 236, 237, 241, 242, 243, 244, 246, 249, 250, 251, 254, 272, 273, 274, 275, 277]
Number of Edges Removed: 331
Feedback Edge Set: [(64, 0), (64, 72), (64, 65), (64, 96), (0, 16), (0, 1), (72, 8), (72, 104), (72, 73), (8, 9), (96, 32), (96, 104), (32, 48), (32, 40), (104, 40), (65, 1), (65, 97), (1, 33), (73, 9), (73, 65), (73, 105), (9, 1), (97, 33), (105, 41), (105, 97), (41, 33), (66, 2), (66, 64), (66, 67), (2, 0), (2, 3), (74, 10), (74, 72), (74, 66), (74, 75), (10, 2), (10, 8), (10, 42), (10, 11), (98, 34), (98, 96), (98, 99), (34, 32), (34, 35), (34, 2), (106, 42), (106, 104), (106, 98), (106, 107), (42, 34), (42, 40), (42, 43), (3, 1), (3, 35), (67, 65), (67, 99), (11, 9), (11, 3), (75, 73), (75, 11), (75, 107), (75, 67), (35, 33), (99, 97), (43, 41), (43, 11), (107, 105), (107, 99), (4, 5), (68, 64), (68, 69), (68, 4), (68, 100), (12, 13), (76, 68), (76, 72), (76, 77), (76, 12), (76, 108), (36, 37), (100, 96), (100, 101), (44, 45), (44, 12), (44, 36), (108, 100), (108, 104), (108, 109), (108, 44), (69, 5), (69, 65), (69, 77), (69, 101), (5, 13), (77, 13), (77, 73), (77, 109), (101, 37), (37, 33), (37, 5), (109, 45), (45, 41), (45, 13), (70, 6), (70, 86), (70, 66), (70, 68), (6, 22), (6, 4), (78, 14), (78, 94), (78, 74), (78, 76), (14, 30), (14, 6), (14, 12), (102, 38), (102, 118), (102, 103), (102, 70), (102, 110), (102, 100), (38, 54), (38, 34), (38, 39), (38, 6), (110, 46), (110, 126), (110, 111), (110, 78), (110, 108), (46, 62), (46, 38), (46, 42), (46, 47), (46, 14), (7, 23), (7, 15), (7, 5), (71, 87), (71, 67), (71, 7), (71, 79), (71, 103), (71, 69), (15, 13), (79, 75), (79, 15), (79, 111), (79, 77), (39, 55), (39, 47), (103, 119), (103, 111), (103, 101), (111, 109), (80, 16), (80, 64), (80, 81), (80, 112), (16, 24), (16, 17), (88, 24), (88, 120), (88, 72), (88, 89), (24, 8), (24, 25), (112, 48), (48, 56), (120, 56), (120, 104), (56, 40), (81, 17), (81, 65), (81, 113), (17, 49), (89, 25), (89, 73), (89, 81), (89, 121), (25, 9), (25, 17), (113, 49), (113, 97), (49, 33), (121, 57), (121, 105), (121, 113), (57, 41), (57, 49), (18, 16), (18, 2), (82, 80), (82, 18), (82, 66), (26, 18), (26, 24), (26, 58), (90, 88), (90, 26), (90, 82), (50, 48), (50, 18), (50, 34), (114, 112), (58, 50), (58, 56), (58, 42), (122, 120), (122, 58), (122, 106), (122, 114), (19, 17), (19, 51), (19, 18), (19, 3), (83, 81), (83, 115), (83, 82), (27, 19), (27, 25), (27, 26), (91, 89), (91, 27), (91, 123), (91, 83), (91, 90), (51, 49), (51, 35), (115, 113), (115, 51), (59, 51), (59, 57), (59, 27), (59, 43), (123, 121), (123, 59), (123, 107), (123, 115), (20, 21), (20, 4), (84, 80), (84, 85), (84, 68), (84, 116), (28, 29), (28, 12), (92, 84), (92, 88), (92, 93), (92, 76), (92, 124), (52, 53), (52, 36), (116, 112), (116, 117), (116, 52), (116, 100), (60, 61), (60, 28), (60, 44), (60, 52), (124, 116), (124, 120), (124, 125), (124, 108), (85, 21), (85, 93), (85, 81), (85, 69), (85, 117), (21, 5), (93, 29), (93, 89), (93, 125), (117, 53), (117, 125), (53, 49), (53, 21), (53, 37), (125, 61), (125, 109), (61, 57), (61, 29), (61, 53), (61, 45), (86, 22), (86, 82), (86, 84), (22, 20), (94, 30), (94, 90), (94, 86), (94, 92), (30, 22), (30, 28), (118, 54), (118, 119), (118, 86), (118, 116), (54, 50), (54, 55), (54, 22), (126, 62), (126, 127), (126, 94), (126, 118), (126, 124), (62, 54), (62, 58), (62, 63), (62, 30), (23, 31), (23, 21), (87, 95), (87, 83), (87, 119), (87, 85), (31, 15), (31, 29), (95, 91), (95, 31), (95, 127), (95, 93), (55, 63), (119, 127), (119, 55), (119, 117), (127, 111), (127, 125)]
----------- STATS -----------
Algorithm used: Algorithm.PREFS
Runtime: 2.5275588035583496seconds
Number of Iterations: 5
Number of Rows in Final Cycle Matrix: 463
History of Number of Rows in the Cycle Matrix: [418, 442, 453, 458, 463]
Number of Constraints in Final Iteration: 1807
History of Constraint Nums: [1762, 1786, 1797, 1802, 1807]
Number of Prefs Removed (size of minFBPS): 95
Minimum Feedback Pref Set: [1, 4, 5, 9, 10, 11, 12, 13, 14, 48, 49, 50, 51, 53, 57, 59, 60, 63, 65, 68, 69, 70, 77, 78, 81, 82, 83, 84, 86, 88, 97, 98, 99, 100, 102, 110, 113, 119, 122, 125, 127, 128, 129, 130, 131, 134, 143, 145, 147, 148, 160, 165, 166, 167, 168, 170, 175, 178, 179, 180, 181, 182, 183, 188, 189, 190, 191, 196, 199, 201, 202, 203, 205, 207, 208, 209, 211, 218, 219, 221, 223, 225, 230, 232, 233, 234, 236, 238, 243, 251, 252, 254, 269, 273, 276]
Number of Edges Removed: 356
Feedback Edge Set: [(64, 72), (64, 80), (64, 66), (64, 65), (64, 96), (0, 16), (0, 2), (0, 1), (0, 64), (72, 74), (72, 73), (8, 72), (8, 10), (8, 9), (96, 104), (96, 98), (32, 34), (32, 96), (32, 40), (104, 72), (104, 106), (40, 42), (40, 104), (65, 1), (65, 73), (65, 67), (65, 97), (65, 81), (1, 9), (1, 3), (73, 9), (73, 75), (73, 105), (9, 11), (9, 73), (97, 33), (97, 105), (97, 113), (97, 99), (33, 41), (33, 1), (33, 35), (105, 41), (105, 107), (41, 43), (66, 82), (66, 74), (2, 18), (2, 10), (2, 66), (10, 74), (10, 42), (98, 106), (34, 98), (34, 2), (34, 42), (106, 122), (42, 58), (42, 106), (3, 19), (3, 2), (3, 35), (67, 83), (67, 66), (67, 99), (11, 10), (11, 3), (75, 74), (75, 11), (75, 107), (75, 67), (35, 34), (99, 98), (43, 42), (43, 11), (107, 106), (107, 99), (4, 68), (4, 20), (4, 6), (68, 84), (68, 64), (68, 70), (68, 4), (68, 76), (68, 100), (12, 76), (12, 14), (76, 72), (76, 78), (76, 108), (36, 100), (36, 52), (36, 38), (100, 116), (100, 96), (100, 102), (100, 108), (44, 108), (44, 60), (44, 46), (44, 12), (44, 36), (108, 124), (108, 104), (108, 110), (69, 5), (69, 85), (69, 65), (69, 71), (69, 77), (69, 68), (69, 101), (5, 21), (5, 7), (5, 4), (5, 69), (77, 13), (77, 73), (77, 79), (77, 76), (77, 109), (13, 5), (13, 15), (13, 12), (13, 77), (101, 37), (101, 97), (101, 103), (101, 100), (37, 33), (37, 39), (37, 5), (37, 36), (109, 45), (109, 125), (109, 105), (109, 111), (109, 108), (45, 61), (45, 41), (45, 47), (45, 13), (45, 44), (70, 86), (70, 66), (6, 22), (6, 70), (6, 14), (78, 74), (14, 30), (14, 78), (102, 70), (102, 110), (38, 34), (38, 102), (38, 6), (38, 46), (110, 126), (110, 78), (46, 62), (46, 42), (46, 14), (46, 110), (7, 23), (7, 15), (71, 87), (71, 67), (71, 7), (71, 79), (71, 103), (79, 75), (79, 15), (79, 111), (39, 47), (39, 38), (103, 111), (103, 102), (47, 46), (111, 110), (80, 64), (80, 82), (80, 81), (80, 112), (16, 24), (16, 18), (16, 17), (16, 80), (88, 72), (88, 90), (88, 89), (24, 8), (24, 26), (24, 25), (24, 88), (112, 114), (48, 32), (48, 56), (48, 112), (48, 50), (120, 104), (120, 88), (120, 122), (56, 40), (56, 58), (56, 120), (81, 17), (81, 89), (81, 83), (81, 113), (17, 19), (17, 25), (89, 73), (89, 91), (89, 121), (25, 9), (25, 27), (25, 89), (113, 121), (113, 115), (49, 33), (49, 17), (49, 51), (49, 113), (49, 57), (121, 105), (121, 123), (57, 41), (57, 59), (57, 121), (18, 82), (18, 26), (82, 90), (26, 90), (26, 58), (50, 114), (50, 18), (50, 34), (50, 58), (114, 122), (58, 122), (19, 51), (19, 18), (83, 115), (83, 82), (27, 91), (27, 19), (27, 26), (91, 123), (91, 83), (91, 90), (51, 115), (51, 35), (59, 123), (59, 51), (59, 27), (59, 43), (123, 107), (123, 115), (20, 22), (84, 80), (84, 86), (84, 92), (84, 116), (28, 30), (28, 12), (92, 88), (92, 94), (92, 76), (92, 124), (52, 116), (52, 54), (116, 112), (116, 118), (116, 124), (60, 124), (60, 62), (60, 28), (60, 52), (124, 120), (124, 126), (85, 21), (85, 93), (85, 81), (85, 87), (85, 84), (85, 117), (21, 23), (21, 20), (93, 29), (93, 89), (93, 95), (93, 92), (93, 125), (29, 31), (29, 28), (29, 93), (117, 53), (117, 125), (117, 113), (117, 119), (117, 116), (53, 61), (53, 49), (53, 55), (53, 21), (53, 117), (53, 37), (53, 52), (125, 61), (125, 121), (125, 127), (125, 124), (61, 57), (61, 63), (61, 29), (61, 60), (86, 22), (86, 94), (86, 82), (22, 30), (94, 30), (94, 90), (94, 78), (30, 14), (118, 126), (118, 86), (118, 102), (54, 50), (54, 22), (54, 118), (54, 38), (54, 62), (126, 62), (126, 94), (62, 58), (62, 126), (62, 30), (23, 31), (87, 95), (87, 83), (87, 119), (31, 15), (95, 91), (95, 31), (95, 127), (55, 63), (55, 54), (55, 39), (119, 127), (119, 55), (119, 118), (119, 103), (63, 62), (127, 126), (127, 111)]
