----------- GRAPH -----------
Number of Preferences: 281
Number of Outcomes: 128
Number of Edges: 780
----------- STATS -----------
Algorithm used: Algorithm.MFAS
Runtime: 3.9165029525756836seconds
Number of Iterations: 8
Number of Rows in Final Cycle Matrix: 1005
History of Number of Rows in the Cycle Matrix: [399, 554, 679, 797, 904, 945, 998, 1005]
Number of Constraints in Final Iteration: 1005
History of Constraint Nums: [399, 554, 679, 797, 904, 945, 998, 1005]
Number of Edges Removed: 332
Feedback Edge Set: [(0, 8), (0, 32), (64, 66), (64, 65), (64, 0), (64, 96), (1, 65), (2, 66), (2, 34), (66, 74), (3, 67), (3, 1), (67, 65), (67, 66), (96, 98), (96, 32), (33, 41), (33, 32), (97, 33), (34, 32), (34, 35), (98, 34), (35, 33), (99, 67), (99, 107), (99, 35), (99, 97), (99, 98), (4, 68), (4, 20), (4, 12), (4, 0), (68, 76), (68, 70), (68, 100), (5, 69), (5, 13), (5, 7), (5, 1), (69, 77), (69, 71), (69, 65), (69, 68), (6, 70), (6, 22), (6, 14), (6, 38), (6, 4), (70, 66), (7, 15), (7, 3), (71, 79), (71, 7), (71, 70), (71, 67), (36, 100), (36, 4), (36, 44), (36, 38), (36, 32), (36, 37), (100, 116), (100, 102), (37, 101), (37, 53), (37, 45), (37, 39), (37, 33), (101, 109), (101, 69), (102, 110), (102, 38), (102, 98), (39, 38), (103, 111), (103, 39), (103, 101), (103, 102), (103, 71), (8, 9), (72, 88), (72, 8), (72, 64), (72, 74), (9, 41), (9, 1), (73, 89), (73, 77), (73, 9), (73, 65), (73, 72), (10, 74), (10, 2), (10, 8), (11, 3), (11, 9), (11, 10), (75, 11), (75, 67), (75, 74), (40, 32), (104, 72), (104, 120), (104, 40), (104, 96), (41, 45), (105, 107), (105, 41), (105, 97), (42, 106), (42, 34), (42, 40), (106, 74), (106, 98), (106, 104), (43, 35), (43, 41), (43, 11), (107, 43), (12, 8), (76, 12), (76, 108), (13, 45), (13, 12), (13, 9), (77, 76), (77, 13), (14, 12), (14, 15), (78, 14), (78, 110), (78, 70), (78, 74), (78, 79), (15, 13), (15, 11), (79, 15), (79, 75), (44, 108), (44, 40), (44, 45), (108, 124), (108, 110), (108, 100), (108, 109), (109, 125), (109, 111), (109, 45), (46, 110), (46, 38), (46, 44), (46, 47), (110, 106), (110, 111), (47, 111), (47, 39), (47, 45), (47, 15), (16, 17), (16, 24), (80, 16), (80, 64), (80, 81), (80, 88), (80, 84), (80, 82), (17, 49), (17, 1), (17, 21), (17, 19), (81, 113), (81, 17), (81, 65), (81, 89), (18, 82), (18, 19), (18, 50), (18, 2), (18, 26), (18, 22), (82, 66), (82, 86), (19, 83), (19, 3), (83, 115), (83, 67), (48, 49), (48, 32), (48, 50), (112, 80), (112, 114), (112, 48), (112, 96), (112, 116), (112, 113), (49, 113), (49, 33), (49, 51), (50, 114), (50, 34), (50, 58), (114, 118), (51, 115), (51, 19), (51, 35), (51, 55), (51, 50), (115, 114), (115, 113), (115, 119), (84, 116), (84, 68), (20, 16), (20, 21), (20, 84), (20, 28), (20, 22), (85, 117), (85, 84), (85, 69), (21, 5), (21, 23), (86, 70), (86, 94), (22, 86), (87, 119), (87, 71), (23, 7), (23, 22), (23, 31), (52, 48), (52, 53), (52, 20), (52, 60), (117, 113), (117, 116), (117, 125), (117, 119), (53, 49), (53, 55), (118, 116), (118, 119), (54, 50), (54, 38), (54, 22), (54, 62), (55, 39), (55, 54), (24, 28), (24, 8), (89, 25), (89, 93), (89, 88), (25, 57), (25, 17), (25, 29), (25, 24), (25, 27), (90, 82), (90, 94), (90, 88), (90, 122), (26, 58), (26, 30), (26, 10), (91, 27), (91, 83), (91, 95), (91, 75), (91, 90), (27, 26), (27, 11), (56, 40), (56, 57), (56, 120), (56, 24), (56, 58), (121, 105), (57, 49), (57, 41), (57, 59), (122, 58), (122, 126), (122, 120), (122, 106), (58, 42), (123, 91), (123, 115), (123, 127), (123, 107), (123, 121), (59, 58), (59, 27), (59, 43), (92, 84), (92, 76), (92, 88), (92, 93), (28, 12), (28, 92), (28, 30), (93, 125), (93, 85), (93, 77), (29, 13), (29, 31), (29, 28), (94, 126), (94, 95), (30, 62), (30, 22), (30, 94), (30, 14), (95, 79), (31, 27), (31, 15), (31, 30), (124, 125), (60, 44), (60, 28), (61, 53), (61, 57), (61, 45), (61, 63), (126, 118), (126, 124), (126, 127), (126, 110), (62, 58), (127, 125), (127, 111), (127, 95)]
----------- STATS -----------
Algorithm used: Algorithm.EDGES
Runtime: 1.9750661849975586seconds
Number of Iterations: 1
Number of Rows in Final Cycle Matrix: 399
History of Number of Rows in the Cycle Matrix: [399]
Number of Constraints in Final Iteration: 5211
History of Constraint Nums: [5211]
Number of Prefs Removed (size of minFBPS): 149
Minimum Feedback Pref Set: [0, 1, 2, 3, 4, 8, 10, 17, 21, 24, 25, 26, 27, 28, 30, 50, 52, 54, 55, 59, 61, 76, 78, 82, 85, 90, 94, 104, 106, 110, 120, 125, 126, 127, 129, 130, 131, 132, 136, 140, 141, 143, 144, 145, 146, 148, 149, 150, 151, 152, 153, 154, 157, 158, 159, 160, 162, 163, 164, 165, 166, 167, 168, 171, 173, 174, 175, 176, 177, 178, 179, 182, 183, 187, 188, 189, 190, 191, 194, 196, 197, 198, 200, 201, 202, 203, 204, 206, 207, 208, 209, 211, 212, 213, 214, 215, 217, 223, 224, 225, 226, 227, 228, 229, 230, 231, 232, 233, 234, 235, 236, 237, 238, 239, 240, 241, 242, 243, 244, 245, 246, 247, 248, 249, 250, 251, 252, 253, 254, 255, 256, 257, 258, 259, 260, 261, 262, 263, 264, 269, 270, 271, 272, 273, 274, 275, 276, 279, 280]
Number of Edges Removed: 332
Feedback Edge Set: [(0, 64), (1, 65), (1, 3), (65, 64), (2, 66), (66, 64), (3, 67), (67, 65), (67, 66), (32, 96), (32, 0), (32, 33), (96, 64), (33, 97), (34, 98), (34, 2), (34, 32), (34, 35), (98, 96), (35, 99), (35, 33), (99, 67), (99, 97), (99, 98), (4, 68), (4, 0), (5, 69), (5, 1), (69, 101), (69, 65), (69, 68), (6, 70), (6, 4), (70, 66), (70, 68), (7, 71), (7, 3), (7, 5), (71, 69), (71, 70), (71, 67), (36, 100), (36, 4), (36, 32), (36, 37), (100, 68), (37, 101), (37, 33), (38, 102), (38, 6), (38, 36), (38, 39), (102, 98), (102, 100), (39, 103), (39, 37), (103, 101), (103, 102), (103, 71), (8, 72), (8, 0), (72, 64), (72, 74), (9, 73), (9, 1), (9, 8), (73, 65), (73, 72), (10, 74), (10, 2), (10, 8), (74, 66), (11, 75), (11, 3), (11, 9), (11, 10), (75, 67), (75, 74), (40, 104), (40, 32), (104, 72), (104, 96), (41, 105), (41, 33), (41, 9), (105, 97), (42, 106), (42, 34), (42, 40), (106, 74), (106, 98), (106, 104), (43, 107), (43, 35), (43, 41), (43, 11), (107, 99), (107, 105), (12, 76), (12, 4), (12, 8), (76, 68), (13, 77), (13, 12), (13, 5), (13, 9), (77, 76), (77, 69), (77, 73), (14, 78), (14, 12), (14, 6), (78, 70), (78, 74), (15, 79), (15, 13), (15, 14), (15, 7), (15, 11), (79, 78), (79, 71), (79, 75), (44, 108), (44, 36), (44, 40), (108, 76), (108, 100), (45, 109), (45, 44), (45, 37), (45, 41), (45, 13), (109, 108), (109, 101), (46, 110), (46, 38), (46, 44), (110, 78), (110, 102), (110, 106), (110, 108), (47, 111), (47, 46), (47, 39), (47, 45), (47, 15), (111, 110), (111, 103), (111, 109), (16, 80), (16, 24), (16, 20), (80, 112), (80, 64), (80, 81), (80, 88), (80, 84), (80, 82), (17, 81), (17, 49), (17, 1), (17, 21), (17, 16), (17, 25), (17, 19), (81, 65), (81, 89), (18, 82), (18, 50), (18, 2), (18, 26), (18, 22), (82, 66), (82, 90), (82, 86), (19, 83), (19, 51), (19, 3), (19, 18), (83, 67), (83, 91), (48, 112), (48, 52), (48, 32), (112, 96), (112, 116), (112, 113), (49, 113), (49, 33), (49, 48), (49, 57), (49, 53), (113, 117), (113, 81), (50, 114), (50, 48), (50, 34), (50, 58), (50, 54), (114, 112), (114, 118), (114, 115), (51, 115), (51, 49), (51, 35), (51, 55), (51, 50), (115, 113), (115, 83), (115, 123), (115, 119), (84, 116), (84, 68), (84, 85), (84, 92), (20, 84), (20, 4), (20, 28), (85, 69), (85, 93), (21, 5), (21, 20), (86, 70), (86, 94), (22, 20), (22, 6), (22, 86), (22, 30), (87, 71), (23, 21), (23, 7), (23, 22), (23, 31), (116, 100), (116, 117), (52, 20), (52, 60), (117, 85), (117, 125), (53, 37), (53, 52), (53, 61), (53, 55), (118, 116), (118, 126), (118, 119), (54, 38), (54, 22), (54, 62), (119, 117), (119, 87), (55, 39), (55, 54), (88, 72), (88, 90), (24, 8), (89, 73), (89, 88), (25, 57), (25, 24), (25, 89), (25, 27), (90, 122), (26, 10), (91, 123), (91, 75), (91, 90), (27, 59), (27, 26), (27, 91), (27, 11), (120, 104), (56, 40), (56, 120), (56, 24), (121, 105), (57, 56), (57, 41), (122, 120), (122, 106), (58, 56), (58, 26), (58, 122), (58, 42), (123, 107), (123, 121), (59, 57), (59, 58), (59, 43), (92, 76), (92, 88), (28, 12), (28, 24), (28, 92), (93, 92), (93, 77), (93, 89), (29, 13), (29, 25), (29, 28), (94, 126), (94, 90), (30, 28), (30, 26), (30, 94), (30, 14), (95, 94), (95, 79), (95, 91), (31, 29), (31, 27), (31, 15), (31, 30), (124, 108), (60, 44), (60, 28), (125, 124), (125, 93), (125, 109), (61, 57), (61, 45), (61, 63), (126, 124), (126, 122), (126, 110), (62, 30), (62, 58), (127, 125), (127, 126), (127, 111), (127, 123), (127, 95)]
----------- STATS -----------
Algorithm used: Algorithm.PREFS
Runtime: 2.342839241027832seconds
Number of Iterations: 3
Number of Rows in Final Cycle Matrix: 554
History of Number of Rows in the Cycle Matrix: [399, 548, 554]
Number of Constraints in Final Iteration: 1898
History of Constraint Nums: [1743, 1892, 1898]
Number of Prefs Removed (size of minFBPS): 85
Minimum Feedback Pref Set: [0, 1, 2, 3, 4, 8, 10, 16, 17, 21, 25, 27, 40, 41, 42, 43, 44, 45, 46, 48, 49, 63, 64, 79, 80, 82, 85, 90, 91, 92, 94, 104, 110, 112, 116, 118, 120, 125, 126, 127, 128, 129, 130, 131, 133, 134, 135, 136, 137, 140, 141, 143, 144, 177, 178, 179, 183, 187, 188, 190, 194, 199, 210, 212, 214, 224, 226, 238, 242, 259, 260, 261, 262, 264, 265, 266, 267, 268, 269, 270, 271, 275, 277, 278, 279]
Number of Edges Removed: 352
Feedback Edge Set: [(0, 64), (0, 4), (64, 80), (64, 66), (64, 96), (1, 65), (1, 0), (1, 3), (65, 81), (65, 67), (65, 64), (2, 66), (66, 70), (66, 64), (3, 67), (3, 11), (3, 7), (3, 2), (67, 66), (32, 96), (32, 0), (32, 48), (32, 40), (32, 36), (32, 34), (96, 104), (33, 97), (33, 49), (33, 37), (33, 32), (33, 35), (97, 105), (34, 98), (34, 2), (98, 106), (98, 102), (98, 96), (35, 99), (35, 43), (35, 34), (99, 67), (99, 97), (99, 98), (4, 68), (4, 20), (4, 6), (68, 84), (68, 70), (68, 100), (5, 69), (5, 21), (5, 13), (5, 7), (5, 4), (5, 1), (69, 101), (69, 85), (69, 71), (69, 65), (69, 68), (6, 70), (6, 4), (7, 71), (7, 6), (7, 5), (71, 79), (71, 70), (71, 67), (36, 100), (36, 4), (100, 108), (37, 101), (37, 36), (38, 102), (38, 6), (38, 54), (38, 36), (102, 100), (39, 103), (39, 55), (39, 47), (39, 38), (39, 37), (103, 111), (103, 101), (103, 102), (103, 71), (8, 72), (8, 24), (8, 12), (8, 10), (8, 0), (72, 88), (72, 104), (72, 64), (72, 74), (9, 73), (9, 25), (9, 11), (9, 1), (9, 8), (73, 89), (73, 65), (73, 72), (10, 74), (10, 26), (10, 2), (74, 78), (74, 106), (74, 66), (11, 75), (11, 27), (11, 15), (11, 9), (11, 10), (75, 67), (75, 74), (40, 104), (40, 56), (40, 44), (41, 105), (41, 57), (41, 45), (41, 33), (41, 9), (42, 106), (42, 58), (42, 34), (42, 40), (106, 110), (106, 104), (43, 107), (43, 59), (43, 35), (43, 41), (43, 11), (107, 123), (107, 99), (107, 105), (12, 76), (12, 28), (12, 4), (12, 14), (76, 92), (76, 108), (76, 68), (13, 77), (13, 29), (13, 12), (13, 9), (13, 15), (77, 93), (77, 76), (77, 69), (77, 73), (14, 78), (14, 30), (14, 6), (78, 110), (78, 70), (15, 79), (15, 31), (15, 14), (15, 7), (79, 78), (79, 75), (44, 108), (44, 60), (44, 36), (45, 109), (45, 61), (45, 44), (45, 37), (45, 13), (109, 108), (109, 101), (46, 110), (46, 62), (46, 38), (46, 44), (110, 102), (110, 108), (47, 111), (47, 63), (47, 46), (47, 39), (47, 45), (47, 15), (111, 127), (111, 110), (111, 109), (16, 80), (16, 20), (80, 112), (80, 84), (80, 82), (17, 81), (17, 49), (17, 1), (17, 16), (17, 19), (81, 80), (18, 82), (18, 2), (18, 22), (82, 66), (82, 86), (19, 83), (19, 51), (19, 3), (19, 18), (83, 82), (83, 67), (48, 112), (48, 16), (48, 50), (112, 96), (49, 113), (49, 48), (49, 53), (49, 51), (113, 112), (113, 81), (50, 114), (50, 18), (50, 34), (50, 54), (114, 112), (114, 118), (51, 115), (51, 35), (51, 50), (115, 114), (115, 113), (115, 83), (115, 119), (84, 116), (20, 84), (20, 22), (85, 84), (21, 17), (21, 20), (21, 23), (86, 70), (22, 6), (22, 86), (87, 86), (87, 71), (23, 7), (23, 22), (116, 112), (116, 100), (116, 118), (52, 48), (52, 20), (117, 113), (117, 116), (117, 85), (117, 119), (53, 37), (53, 52), (53, 55), (54, 22), (119, 118), (119, 87), (55, 51), (55, 54), (88, 80), (88, 92), (88, 90), (24, 16), (24, 28), (89, 81), (89, 93), (89, 88), (25, 57), (25, 17), (25, 24), (25, 89), (25, 27), (90, 82), (90, 94), (90, 122), (26, 18), (26, 30), (91, 83), (91, 95), (91, 123), (91, 75), (91, 90), (27, 59), (27, 31), (27, 26), (27, 91), (120, 104), (56, 120), (56, 24), (56, 58), (121, 105), (57, 49), (57, 61), (57, 56), (57, 59), (122, 126), (122, 120), (122, 106), (58, 50), (58, 62), (58, 26), (58, 122), (123, 115), (123, 127), (123, 107), (123, 121), (59, 51), (59, 58), (92, 84), (28, 20), (28, 92), (28, 30), (93, 85), (93, 92), (29, 25), (29, 31), (29, 28), (94, 86), (94, 126), (30, 22), (30, 94), (95, 94), (95, 79), (31, 23), (31, 30), (124, 108), (124, 126), (60, 52), (60, 28), (125, 117), (125, 124), (125, 93), (125, 109), (125, 127), (61, 53), (61, 63), (126, 118), (126, 110), (62, 54), (62, 30), (127, 126), (127, 111), (127, 95), (63, 55)]
