4 0 100000000000000000000
4 1 100000000000000000001
5 0 100000000000000000000
5 1 100000001000000000000
6 2 100000000000000010000
6 3 100000000000000000001
7 2 100000000000000000000
7 3 100000001000000000000
2 0 010000000000000000000
3 1 010000000010000000010
4 6 001000000000000000100
4 7 001000000000000000000
5 6 001000000000000000000
5 7 001000000000000000000
1 0 000100000000000000000
2 3 000010000000010000001
4 5 000001000000010000001
7 6 000000100000000000000
0 4 000000010000001000000
0 6 000000010000000000000
2 4 000000010000000000000
2 6 000000010000000000000
0 2 000000000100000000100
6 4 000000000001000000000
7 5 000000000000100000010
0 1 000000000000010000001
6 7 000000000000010000001
1 5 000000000000000100000
3 7 000000000000000001000
3 5 000000000000000000010
7 1 000000000000000000010
0 5 000000000000000000001
2 7 000000000000000000001
