4 0 100001000001000000
4 1 100001000000000000
5 0 100101000000000000
5 1 100001000000000000
2 6 010000000000000000
2 7 010000000000000000
3 6 010000000000000001
3 7 010000000000000000
0 2 001000100000000000
1 3 001000000000000000
4 6 001000001000000000
5 7 001000000100000000
1 0 000100000010000000
1 4 000100000000000000
5 4 000100000010000000
2 3 000010000000000000
6 7 000010000000000000
6 2 000001000000010000
6 3 000001000000000000
7 2 000001000000000001
7 3 000001000000001000
3 1 000000010000000100
3 2 000000000010000001
7 6 000000000010000001
1 5 000000000000100000
2 0 000000000000000100
2 1 000000000000000100
3 0 000000000000000100
6 4 000000000000000100
6 5 000000000000000100
7 4 000000000000000100
7 5 000000000000000100
0 1 000000000000000010
4 5 000000000000000010
