----------- GRAPH -----------
Number of Preferences: 189
Number of Outcomes: 64
Number of Edges: 345
----------- STATS -----------
Algorithm used: Algorithm.MFAS
Runtime: 0.7500464916229248seconds
Number of Iterations: 7
Number of Rows in Final Cycle Matrix: 389
History of Number of Rows in the Cycle Matrix: [165, 218, 274, 301, 344, 370, 389]
Number of Constraints in Final Iteration: 389
History of Constraint Nums: [165, 218, 274, 301, 344, 370, 389]
Number of Edges Removed: 153
Feedback Edge Set: [(0, 16), (0, 8), (0, 4), (0, 1), (32, 48), (32, 40), (32, 34), (32, 0), (4, 6), (36, 37), (36, 4), (33, 1), (33, 49), (33, 37), (33, 35), (33, 32), (33, 41), (1, 3), (5, 7), (5, 37), (5, 4), (2, 18), (2, 3), (2, 0), (2, 10), (2, 6), (34, 50), (34, 38), (34, 35), (38, 36), (3, 35), (39, 35), (39, 37), (39, 38), (7, 6), (7, 39), (40, 56), (40, 41), (40, 44), (8, 24), (44, 36), (12, 28), (12, 4), (41, 57), (41, 43), (9, 25), (9, 1), (9, 11), (9, 13), (9, 8), (45, 37), (45, 47), (13, 29), (13, 5), (13, 45), (10, 26), (10, 11), (10, 8), (42, 58), (42, 34), (42, 46), (42, 43), (42, 10), (42, 40), (14, 46), (14, 30), (14, 6), (14, 10), (14, 15), (46, 38), (11, 43), (11, 27), (11, 3), (43, 59), (43, 47), (43, 35), (15, 47), (15, 31), (15, 7), (47, 63), (47, 39), (47, 46), (48, 52), (16, 20), (16, 48), (16, 18), (52, 20), (52, 36), (52, 54), (20, 4), (17, 1), (17, 21), (17, 19), (21, 20), (21, 5), (53, 52), (53, 37), (53, 61), (53, 55), (50, 18), (50, 48), (50, 58), (18, 22), (18, 26), (54, 22), (54, 55), (54, 38), (54, 62), (22, 20), (22, 23), (22, 6), (19, 3), (19, 18), (51, 49), (51, 19), (51, 35), (51, 55), (51, 50), (23, 21), (23, 7), (55, 39), (56, 24), (56, 48), (56, 60), (56, 57), (56, 58), (24, 16), (24, 28), (24, 25), (60, 28), (60, 52), (60, 44), (60, 62), (28, 20), (57, 49), (25, 17), (25, 57), (61, 60), (61, 45), (61, 57), (61, 63), (29, 21), (29, 25), (29, 28), (58, 62), (26, 30), (62, 63), (62, 46), (30, 22), (59, 58), (27, 31), (27, 25), (31, 63)]
----------- STATS -----------
Algorithm used: Algorithm.EDGES
Runtime: 0.7242166996002197seconds
Number of Iterations: 3
Number of Rows in Final Cycle Matrix: 186
History of Number of Rows in the Cycle Matrix: [165, 185, 186]
Number of Constraints in Final Iteration: 2259
History of Constraint Nums: [2238, 2258, 2259]
Number of Prefs Removed (size of minFBPS): 75
Minimum Feedback Pref Set: [0, 5, 11, 12, 13, 15, 16, 17, 20, 27, 30, 31, 33, 35, 37, 39, 40, 44, 45, 49, 52, 53, 54, 55, 57, 59, 60, 61, 68, 74, 77, 79, 81, 83, 85, 97, 98, 99, 101, 102, 103, 104, 105, 108, 121, 126, 127, 128, 129, 131, 132, 136, 141, 149, 150, 151, 152, 153, 154, 158, 159, 162, 169, 170, 172, 175, 177, 179, 180, 181, 182, 183, 186, 187, 188]
Number of Edges Removed: 153
Feedback Edge Set: [(0, 32), (0, 16), (0, 8), (0, 2), (0, 1), (32, 48), (32, 40), (32, 34), (32, 33), (4, 36), (4, 20), (4, 12), (4, 6), (4, 5), (4, 0), (36, 52), (36, 44), (36, 38), (36, 37), (33, 49), (33, 35), (33, 41), (1, 17), (1, 3), (1, 33), (1, 9), (37, 53), (37, 39), (37, 33), (37, 45), (5, 21), (5, 7), (5, 37), (5, 13), (2, 18), (2, 3), (2, 10), (34, 50), (34, 35), (34, 42), (6, 22), (6, 2), (6, 7), (6, 14), (38, 54), (38, 39), (38, 34), (38, 46), (35, 51), (35, 43), (3, 19), (3, 11), (3, 35), (39, 55), (39, 47), (39, 35), (7, 23), (7, 15), (7, 39), (40, 56), (40, 41), (8, 24), (8, 9), (44, 60), (44, 40), (12, 28), (41, 57), (9, 25), (45, 13), (45, 61), (13, 29), (13, 9), (10, 26), (10, 11), (10, 8), (42, 58), (42, 43), (42, 10), (42, 40), (14, 30), (14, 10), (14, 15), (46, 62), (46, 47), (46, 14), (46, 42), (11, 27), (11, 9), (43, 59), (43, 11), (43, 41), (15, 31), (47, 63), (47, 43), (47, 15), (47, 45), (48, 52), (48, 56), (48, 50), (16, 20), (16, 48), (16, 24), (16, 18), (52, 60), (52, 54), (20, 52), (20, 28), (20, 22), (17, 25), (17, 21), (17, 19), (49, 57), (49, 51), (21, 20), (21, 29), (21, 23), (53, 52), (53, 61), (53, 55), (50, 58), (18, 22), (18, 50), (18, 26), (54, 62), (22, 54), (22, 30), (19, 51), (19, 18), (51, 50), (23, 22), (55, 51), (55, 54), (56, 24), (56, 58), (60, 28), (60, 56), (60, 62), (28, 24), (57, 25), (57, 61), (57, 56), (25, 24), (25, 29), (25, 27), (61, 60), (61, 63), (29, 28), (62, 58), (30, 26), (59, 58), (27, 31), (63, 31), (63, 62)]
----------- STATS -----------
Algorithm used: Algorithm.PREFS
Runtime: 0.5649983882904053seconds
Number of Iterations: 4
Number of Rows in Final Cycle Matrix: 214
History of Number of Rows in the Cycle Matrix: [165, 197, 212, 214]
Number of Constraints in Final Iteration: 790
History of Constraint Nums: [741, 773, 788, 790]
Number of Prefs Removed (size of minFBPS): 56
Minimum Feedback Pref Set: [5, 8, 10, 11, 17, 20, 31, 33, 35, 40, 43, 45, 49, 54, 57, 58, 59, 60, 61, 62, 63, 67, 68, 74, 77, 87, 88, 91, 94, 95, 97, 98, 100, 101, 102, 104, 106, 107, 108, 109, 116, 126, 127, 130, 132, 133, 139, 142, 146, 147, 181, 182, 183, 186, 187, 188]
Number of Edges Removed: 155
Feedback Edge Set: [(0, 8), (0, 1), (32, 40), (32, 34), (32, 33), (32, 0), (4, 12), (4, 5), (4, 0), (36, 44), (36, 38), (36, 37), (36, 4), (33, 35), (33, 41), (1, 33), (1, 9), (37, 39), (37, 33), (37, 45), (5, 37), (5, 13), (2, 3), (2, 0), (2, 10), (2, 6), (34, 38), (34, 35), (34, 42), (6, 7), (6, 4), (6, 14), (38, 39), (38, 46), (35, 43), (35, 39), (3, 11), (3, 1), (3, 35), (39, 47), (7, 15), (7, 5), (7, 39), (40, 42), (40, 41), (8, 10), (8, 9), (44, 40), (44, 45), (12, 13), (41, 43), (9, 11), (9, 13), (45, 13), (45, 47), (10, 11), (42, 43), (42, 10), (14, 10), (14, 15), (46, 47), (46, 14), (46, 42), (43, 11), (47, 43), (47, 15), (48, 16), (48, 52), (48, 32), (48, 56), (48, 50), (16, 20), (16, 0), (16, 24), (16, 18), (52, 20), (52, 36), (52, 60), (20, 4), (20, 28), (17, 1), (17, 25), (17, 21), (49, 33), (49, 57), (49, 51), (21, 20), (21, 5), (21, 29), (21, 23), (53, 52), (53, 37), (53, 61), (53, 55), (50, 18), (50, 34), (50, 58), (18, 22), (18, 2), (18, 26), (54, 22), (54, 52), (54, 55), (54, 38), (54, 62), (22, 20), (22, 23), (22, 6), (22, 30), (19, 51), (19, 17), (19, 3), (19, 18), (51, 35), (51, 55), (51, 50), (23, 7), (55, 39), (56, 40), (56, 60), (24, 56), (24, 8), (24, 28), (60, 44), (28, 60), (28, 12), (57, 61), (57, 56), (57, 41), (25, 24), (25, 57), (25, 9), (25, 29), (61, 60), (61, 45), (29, 28), (29, 13), (58, 56), (58, 42), (58, 62), (26, 10), (26, 30), (62, 60), (62, 46), (30, 14), (59, 43), (59, 58), (27, 31), (27, 25), (27, 11), (63, 61), (63, 47), (63, 62), (31, 63), (31, 15)]
