----------- GRAPH -----------
Number of Preferences: 184
Number of Outcomes: 64
Number of Edges: 333
----------- STATS -----------
Algorithm used: Algorithm.MFAS
Runtime: 0.7438302040100098seconds
Number of Iterations: 9
Number of Rows in Final Cycle Matrix: 353
History of Number of Rows in the Cycle Matrix: [170, 226, 246, 282, 301, 325, 333, 346, 353]
Number of Constraints in Final Iteration: 353
History of Constraint Nums: [170, 226, 246, 282, 301, 325, 333, 346, 353]
Number of Edges Removed: 141
Feedback Edge Set: [(32, 40), (32, 34), (32, 33), (0, 2), (0, 4), (0, 32), (33, 49), (33, 37), (1, 17), (1, 9), (1, 3), (1, 0), (1, 33), (2, 34), (34, 50), (35, 3), (35, 33), (3, 7), (4, 36), (36, 32), (36, 37), (5, 21), (5, 13), (5, 1), (5, 7), (5, 4), (5, 37), (38, 54), (38, 34), (6, 2), (6, 7), (6, 38), (39, 7), (39, 55), (39, 38), (39, 37), (39, 35), (8, 40), (8, 24), (8, 12), (40, 56), (41, 40), (9, 25), (9, 11), (10, 14), (10, 26), (10, 2), (10, 8), (10, 11), (42, 46), (42, 10), (42, 34), (42, 40), (43, 47), (43, 35), (43, 41), (11, 43), (11, 3), (44, 40), (44, 12), (44, 45), (13, 45), (13, 29), (13, 15), (13, 12), (45, 37), (46, 14), (46, 38), (14, 30), (47, 46), (47, 45), (15, 14), (15, 47), (15, 7), (48, 56), (48, 50), (48, 49), (16, 18), (16, 48), (17, 49), (17, 19), (17, 21), (49, 53), (18, 50), (51, 49), (51, 35), (19, 18), (19, 51), (52, 20), (52, 53), (20, 21), (20, 16), (54, 50), (22, 18), (22, 23), (22, 54), (23, 21), (55, 54), (55, 53), (25, 27), (25, 24), (25, 17), (57, 59), (57, 56), (57, 25), (26, 18), (26, 30), (26, 24), (58, 42), (58, 26), (58, 50), (58, 62), (58, 56), (58, 59), (27, 26), (27, 19), (27, 11), (59, 43), (59, 51), (59, 63), (60, 56), (28, 24), (28, 12), (61, 63), (61, 60), (61, 45), (61, 53), (61, 57), (29, 28), (29, 61), (29, 21), (62, 46), (62, 30), (62, 54), (62, 63), (31, 27), (31, 30), (31, 63), (31, 23), (31, 29), (31, 15)]
----------- STATS -----------
Algorithm used: Algorithm.EDGES
Runtime: 0.6097407341003418seconds
Number of Iterations: 2
Number of Rows in Final Cycle Matrix: 171
History of Number of Rows in the Cycle Matrix: [170, 171]
Number of Constraints in Final Iteration: 2232
History of Constraint Nums: [2231, 2232]
Number of Prefs Removed (size of minFBPS): 78
Minimum Feedback Pref Set: [2, 4, 7, 8, 10, 12, 13, 15, 17, 25, 26, 30, 31, 36, 37, 38, 40, 41, 42, 43, 45, 50, 51, 53, 55, 56, 57, 62, 64, 68, 72, 75, 76, 80, 84, 85, 89, 90, 94, 97, 121, 122, 123, 125, 129, 131, 132, 134, 135, 136, 138, 139, 141, 143, 144, 145, 149, 151, 152, 154, 155, 157, 158, 161, 164, 167, 168, 171, 173, 174, 175, 176, 177, 178, 179, 180, 182, 183]
Number of Edges Removed: 141
Feedback Edge Set: [(32, 40), (32, 34), (32, 33), (0, 2), (0, 32), (0, 1), (33, 35), (1, 9), (1, 3), (1, 33), (2, 34), (2, 10), (34, 42), (35, 43), (3, 11), (3, 35), (4, 36), (4, 0), (4, 5), (36, 32), (36, 37), (37, 45), (37, 33), (37, 39), (5, 13), (5, 1), (5, 7), (5, 37), (38, 46), (38, 34), (38, 39), (6, 2), (6, 7), (6, 38), (39, 7), (39, 35), (7, 15), (7, 3), (8, 40), (8, 24), (8, 10), (40, 56), (40, 42), (40, 41), (41, 43), (9, 25), (9, 11), (10, 42), (10, 11), (11, 43), (12, 44), (12, 28), (12, 8), (12, 13), (44, 40), (44, 45), (13, 45), (13, 29), (13, 15), (45, 61), (45, 47), (46, 47), (46, 42), (14, 15), (14, 46), (14, 10), (47, 15), (47, 43), (48, 56), (48, 50), (48, 49), (16, 18), (16, 48), (17, 49), (17, 25), (17, 19), (17, 1), (49, 51), (49, 33), (50, 58), (50, 34), (18, 26), (18, 50), (18, 19), (51, 59), (51, 35), (19, 27), (19, 51), (52, 53), (20, 21), (20, 52), (20, 16), (21, 29), (21, 17), (21, 23), (21, 5), (53, 61), (53, 49), (53, 55), (54, 62), (54, 50), (54, 38), (54, 55), (22, 18), (22, 23), (22, 54), (23, 31), (55, 39), (56, 58), (56, 57), (24, 26), (24, 25), (25, 57), (25, 27), (57, 59), (26, 58), (26, 10), (26, 27), (58, 42), (58, 59), (27, 11), (59, 43), (60, 56), (60, 61), (28, 24), (28, 29), (61, 63), (61, 57), (29, 31), (29, 61), (30, 62), (30, 14), (30, 26), (30, 31), (62, 46), (62, 58), (62, 63), (63, 31), (63, 59), (31, 27), (31, 15)]
----------- STATS -----------
Algorithm used: Algorithm.PREFS
Runtime: 0.4564685821533203seconds
Number of Iterations: 3
Number of Rows in Final Cycle Matrix: 193
History of Number of Rows in the Cycle Matrix: [170, 187, 193]
Number of Constraints in Final Iteration: 769
History of Constraint Nums: [746, 763, 769]
Number of Prefs Removed (size of minFBPS): 50
Minimum Feedback Pref Set: [4, 8, 12, 23, 30, 34, 38, 40, 43, 44, 47, 48, 53, 56, 58, 60, 61, 62, 64, 66, 68, 72, 79, 84, 90, 91, 94, 96, 97, 105, 108, 115, 116, 117, 119, 120, 121, 122, 123, 124, 125, 128, 129, 131, 134, 143, 160, 164, 165, 174]
Number of Edges Removed: 148
Feedback Edge Set: [(32, 40), (32, 36), (0, 4), (0, 32), (33, 41), (33, 32), (33, 37), (1, 9), (1, 0), (1, 5), (1, 33), (2, 10), (2, 0), (34, 50), (34, 42), (34, 2), (34, 32), (35, 43), (35, 39), (35, 33), (3, 11), (3, 7), (3, 35), (3, 1), (4, 36), (37, 45), (37, 36), (5, 13), (5, 4), (5, 37), (38, 54), (38, 46), (38, 34), (38, 39), (6, 14), (6, 2), (6, 7), (6, 38), (39, 37), (7, 15), (7, 39), (7, 5), (8, 40), (8, 12), (40, 44), (41, 40), (10, 14), (10, 8), (42, 46), (42, 10), (42, 40), (43, 47), (43, 41), (11, 10), (11, 43), (11, 9), (12, 44), (12, 13), (45, 44), (45, 13), (46, 47), (14, 46), (47, 45), (15, 14), (15, 47), (15, 13), (48, 56), (16, 48), (17, 25), (17, 1), (17, 21), (49, 57), (49, 48), (49, 17), (49, 33), (49, 53), (50, 58), (50, 54), (50, 48), (18, 26), (18, 22), (18, 16), (18, 50), (51, 59), (51, 49), (51, 35), (19, 27), (19, 18), (19, 51), (19, 17), (20, 21), (20, 52), (20, 16), (21, 29), (21, 5), (53, 61), (53, 52), (54, 62), (54, 55), (22, 30), (22, 54), (23, 55), (23, 31), (23, 22), (23, 21), (55, 39), (55, 53), (56, 40), (24, 8), (24, 25), (25, 24), (25, 9), (57, 56), (57, 25), (26, 10), (26, 30), (26, 24), (58, 42), (58, 26), (58, 62), (58, 56), (27, 26), (27, 25), (27, 11), (59, 58), (59, 43), (59, 57), (60, 56), (28, 24), (28, 12), (28, 29), (61, 60), (61, 45), (61, 57), (29, 28), (29, 61), (29, 13), (30, 62), (30, 14), (62, 46), (63, 59), (63, 62), (63, 61), (31, 27), (31, 30), (31, 63), (31, 29), (31, 15)]
