----------- GRAPH -----------
Number of Preferences: 182
Number of Outcomes: 64
Number of Edges: 331
----------- STATS -----------
Algorithm used: Algorithm.MFAS
Runtime: 1.0070242881774902seconds
Number of Iterations: 10
Number of Rows in Final Cycle Matrix: 475
History of Number of Rows in the Cycle Matrix: [171, 220, 264, 287, 315, 335, 368, 412, 452, 475]
Number of Constraints in Final Iteration: 475
History of Constraint Nums: [171, 220, 264, 287, 315, 335, 368, 412, 452, 475]
Number of Edges Removed: 139
Feedback Edge Set: [(0, 8), (0, 1), (0, 32), (1, 5), (33, 41), (33, 37), (33, 32), (34, 42), (2, 18), (2, 10), (2, 6), (2, 34), (2, 3), (35, 51), (3, 19), (3, 35), (4, 36), (4, 20), (4, 6), (36, 44), (5, 21), (5, 37), (38, 36), (38, 34), (38, 39), (6, 14), (39, 37), (7, 23), (7, 5), (7, 6), (40, 32), (8, 40), (9, 25), (9, 1), (9, 8), (41, 40), (42, 10), (43, 11), (43, 47), (43, 35), (43, 42), (11, 27), (11, 3), (11, 10), (12, 44), (12, 28), (12, 14), (45, 37), (45, 41), (45, 44), (13, 9), (13, 5), (14, 46), (14, 10), (46, 44), (46, 38), (46, 42), (15, 47), (15, 31), (15, 13), (15, 11), (15, 14), (47, 39), (16, 20), (16, 18), (16, 48), (49, 17), (49, 57), (49, 53), (49, 51), (49, 48), (49, 33), (17, 21), (17, 19), (17, 16), (17, 1), (50, 48), (50, 34), (18, 50), (51, 55), (19, 23), (19, 51), (52, 60), (52, 54), (52, 48), (20, 28), (20, 21), (21, 53), (53, 55), (53, 52), (22, 54), (22, 30), (22, 6), (54, 55), (23, 55), (23, 22), (23, 21), (56, 58), (56, 57), (56, 24), (57, 25), (57, 61), (57, 41), (25, 24), (25, 17), (58, 42), (26, 30), (26, 58), (26, 10), (26, 24), (27, 26), (27, 19), (27, 25), (59, 58), (59, 27), (59, 43), (59, 51), (59, 57), (60, 62), (28, 30), (28, 60), (61, 53), (61, 60), (29, 13), (29, 21), (29, 25), (29, 61), (62, 54), (62, 58), (30, 14), (30, 62), (63, 55), (63, 59), (63, 61), (63, 62), (31, 23), (31, 27), (31, 29), (31, 30)]
----------- STATS -----------
Algorithm used: Algorithm.EDGES
Runtime: 1.0129914283752441seconds
Number of Iterations: 3
Number of Rows in Final Cycle Matrix: 177
History of Number of Rows in the Cycle Matrix: [171, 173, 177]
Number of Constraints in Final Iteration: 2236
History of Constraint Nums: [2230, 2232, 2236]
Number of Prefs Removed (size of minFBPS): 71
Minimum Feedback Pref Set: [0, 5, 10, 12, 14, 18, 21, 24, 27, 28, 29, 30, 32, 33, 35, 36, 39, 40, 41, 42, 43, 45, 47, 48, 49, 50, 51, 52, 53, 54, 55, 56, 57, 58, 59, 60, 62, 63, 65, 66, 67, 69, 72, 74, 75, 76, 77, 78, 80, 82, 84, 85, 86, 88, 90, 94, 97, 98, 102, 103, 107, 109, 113, 117, 118, 122, 123, 136, 145, 168, 170]
Number of Edges Removed: 139
Feedback Edge Set: [(32, 0), (32, 40), (32, 33), (0, 8), (0, 1), (1, 17), (1, 9), (1, 5), (33, 49), (33, 41), (33, 37), (34, 50), (34, 42), (34, 38), (2, 18), (2, 10), (2, 6), (2, 34), (2, 3), (35, 51), (3, 19), (3, 35), (36, 4), (37, 5), (37, 45), (37, 39), (5, 13), (5, 7), (38, 46), (38, 36), (6, 14), (6, 4), (39, 38), (7, 6), (40, 41), (8, 9), (8, 40), (9, 25), (9, 13), (41, 57), (41, 45), (10, 42), (10, 26), (10, 14), (10, 11), (42, 58), (42, 46), (42, 43), (43, 59), (43, 47), (43, 35), (11, 27), (11, 15), (11, 43), (11, 3), (12, 44), (44, 36), (45, 44), (13, 15), (14, 46), (14, 12), (46, 44), (15, 14), (47, 15), (47, 39), (48, 52), (48, 50), (48, 49), (16, 20), (16, 18), (16, 17), (16, 48), (49, 53), (49, 51), (17, 21), (17, 19), (17, 49), (50, 18), (51, 55), (19, 23), (19, 51), (52, 60), (20, 28), (20, 4), (21, 53), (21, 23), (21, 5), (21, 20), (53, 55), (53, 52), (22, 6), (54, 22), (54, 52), (23, 22), (23, 7), (55, 54), (55, 23), (24, 56), (24, 26), (24, 25), (56, 58), (56, 57), (57, 61), (57, 59), (57, 49), (25, 29), (25, 27), (25, 57), (25, 17), (58, 62), (58, 59), (26, 30), (26, 27), (26, 58), (27, 59), (27, 31), (27, 19), (59, 63), (59, 51), (60, 28), (28, 12), (61, 29), (61, 63), (61, 53), (61, 60), (29, 31), (29, 13), (29, 21), (62, 30), (62, 54), (62, 60), (30, 14), (30, 22), (30, 28), (63, 55), (63, 62), (31, 15), (31, 23), (31, 30)]
----------- STATS -----------
Algorithm used: Algorithm.PREFS
Runtime: 0.4039134979248047seconds
Number of Iterations: 3
Number of Rows in Final Cycle Matrix: 183
History of Number of Rows in the Cycle Matrix: [171, 182, 183]
Number of Constraints in Final Iteration: 759
History of Constraint Nums: [747, 758, 759]
Number of Prefs Removed (size of minFBPS): 49
Minimum Feedback Pref Set: [5, 14, 17, 21, 26, 33, 38, 48, 51, 52, 53, 54, 55, 56, 57, 59, 63, 65, 67, 69, 70, 72, 74, 76, 80, 104, 119, 122, 123, 129, 131, 137, 143, 146, 147, 148, 149, 152, 153, 154, 162, 168, 170, 175, 176, 177, 178, 180, 181]
Number of Edges Removed: 145
Feedback Edge Set: [(32, 40), (0, 8), (0, 1), (0, 32), (1, 9), (33, 41), (33, 32), (34, 42), (2, 10), (2, 34), (35, 43), (35, 34), (3, 11), (3, 2), (3, 35), (4, 6), (36, 4), (36, 38), (37, 5), (37, 45), (37, 33), (37, 39), (5, 13), (5, 1), (5, 7), (38, 46), (38, 34), (6, 14), (6, 2), (6, 7), (39, 38), (8, 9), (8, 40), (41, 40), (10, 11), (42, 43), (42, 10), (11, 43), (12, 8), (12, 14), (44, 40), (44, 45), (44, 12), (44, 36), (44, 46), (45, 41), (13, 9), (13, 15), (14, 46), (14, 15), (14, 10), (46, 42), (15, 11), (47, 15), (47, 39), (47, 43), (48, 50), (48, 49), (16, 17), (16, 48), (49, 17), (49, 51), (49, 33), (17, 1), (50, 34), (18, 50), (18, 2), (18, 16), (51, 35), (19, 51), (19, 3), (19, 17), (52, 60), (52, 54), (52, 53), (52, 48), (20, 28), (20, 22), (20, 21), (20, 4), (20, 16), (21, 53), (21, 23), (21, 5), (21, 17), (53, 55), (53, 49), (22, 6), (22, 23), (54, 22), (23, 7), (23, 19), (55, 54), (55, 23), (55, 51), (24, 25), (56, 57), (56, 24), (57, 41), (57, 49), (25, 57), (25, 9), (25, 17), (58, 26), (58, 62), (58, 59), (58, 42), (58, 56), (26, 30), (26, 27), (26, 10), (26, 24), (27, 11), (27, 19), (27, 25), (59, 27), (59, 43), (59, 51), (59, 57), (60, 62), (60, 61), (28, 30), (28, 12), (28, 60), (61, 63), (61, 53), (61, 57), (29, 31), (29, 13), (29, 21), (29, 25), (29, 61), (62, 63), (62, 54), (62, 58), (30, 31), (30, 14), (30, 22), (30, 26), (30, 62), (63, 55), (63, 59), (31, 15), (31, 23), (31, 27)]
