0 32 100000000000000000000000000000000000000000000000000000000000000000000000000000000000000000000000000000000000000000000000000000100000000000000000000000000000000000000000000000000000000000000
4 36 100000000000000000000000000000000000000000000000000000000000000000000000000000000000000000000000000000000000000000000000000000100000000000000000000000000000000000000000000000000000000000000
33 1 010000000000000000000000000000000000000000000000000000000000000010000000000000000000000000000000000000000000000000000000000000000000000000000000000000000000000000000000000000000000000000000
37 5 010000000000000000000000000000000000000000000000000000000000000000000000000000000000000000000000000000000000000000000000000000000000000000000000000000000000000000000000000000000000000000000
2 34 001000000000000000000000000000000000000000000000000000000000000001000000000000000000000000000000000000000000000000000000000000100000000000000000000000000000000000000000000000000000000000000
6 38 001000000000000000000000000000000000000000000000000000000000000000000100000000000000000000000000000000000000000000000000000000100000000000000000000000000000000000000000000000000000000000000
35 3 000100000000000000000000000000000000000000000000000000000000000000100000000000000000000000000000000000000000000000000000000000000000000000000000000000000000000000000000000000000000000000000
39 7 000100000000000000000000000000000000000000000000000000000000000000000010000000000000000000000000000000000000000000000000000000000000000000000000000000000000000000000000000000000000000000000
40 8 000010000000000000000000000000000000000000000000000000000000000000000001000000000000000000000000000000000000000000000000000000010000000000000000000000000000000000000000000000000000000000000
44 12 000010000000000000000000000000000000000000000000000000000000000000000000000100000000000000000000000000000000000000000000000000010000000000000000000000000000000000000000000000000000000000000
41 9 000001000000000000000000000000000000000000000000000000000000000000000000100000000000000000000000000000000000000000000000000000010000000000000000000000000000000000000000000000000000000000000
45 13 000001000000000000000000000000000000000000000000000000000000000000000000000000000000000000000000000000000000000000000000000000010000000000000000000000000000000000000000000000000000000000000
10 42 000000100000000000000000000000000000000000000000000000000000000000000000010000000000000000000000000000000000000000000000000000000000000000000000000000000000000000000000000000000000000000000
14 46 000000100000000000000000000000000000000000000000000000000000000000000000000000000000000000000000000000000000000000000000000000000000000000000000000000000000000000000000000000000000000000000
11 43 000000010000000000000000000000000000000000000000000000000000000000000000000000000000000000000000000000000000000000000000000000000000000000000000000000000000000000000000000000000000000000000
15 47 000000010000000000000000000000000000000000000000000000000000000000000000000000100000000000000000000000000000000000000000000000000000000000000000000000000000000000000000000000000000000000000
48 16 000000001000000000000000000000000000000000000000000000000000000000000000000000000000000000000000000000000000000000000000000000000000000000000000000000000000000000000000000000000000000000000
52 20 000000001000000000000000000000000000000000000000000000000000000000000000000000000000000000000000000000000000000000000000000000000000000000000000000000000000000000000000000000000000000000000
17 49 000000000100000000000000000000000000000000000000000000000000000000000000000000001000000000000000000000000000000000000000000000100000000000000000000000000000000000000000000000000000000000000
21 53 000000000100000000000000000000000000000000000000000000000000000000000000000000000000100000000000000000000000000000000000000000100000000000000000000000000000000000000000000000000000000000000
50 18 000000000010000000000000000000000000000000000000000000000000000000000000000000000000000000000000000000000000000000000000000000000000000000000000000000000000000000000000000000000000000000000
54 22 000000000010000000000000000000000000000000000000000000000000000000000000000000000000000000000000000000000000000000000000000000000000000000000000000000000000000000000000000000000000000000000
19 51 000000000001000000000000000000000000000000000000000000000000000000000000000000000000000000000000000000000000000000000000000000100000000000000000000000000000000000000000000000000000000000000
23 55 000000000001000000000000000000000000000000000000000000000000000000000000000000000000001000000000000000000000000000000000000000100000000000000000000000000000000000000000000000000000000000000
56 24 000000000000100000000000000000000000000000000000000000000000000000000000000000000000000000000000000000000000000000000000000000010000000000000000000000000000000000000000000000000000000000000
60 28 000000000000100000000000000000000000000000000000000000000000000000000000000000000000000000000000000000000000000000000000000000010000000000000000000000000000000000000000000000000000000000000
57 25 000000000000010000000000000000000000000000000000000000000000000000000000000000000000000000000000000000000000000000000000000000010000000000000000000000000000000000000000000000000000000000000
61 29 000000000000010000000000000000000000000000000000000000000000000000000000000000000000000000001000000000000000000000000000000000010000000000000000000000000000000000000000000000000000000000000
58 26 000000000000001000000000000000000000000000000000000000000000000000000000000000000000000001000000000000000000000000000000000000010000000000000000000000000000000000000000000000000000000000000
62 30 000000000000001000000000000000000000000000000000000000000000000000000000000000000000000000000100000000000000000000000000000000010000000000000000000000000000000000000000000000000000000000000
59 27 000000000000000100000000000000000000000000000000000000000000000000000000000000000000000000100000000000000000000000000000000000010000000000000000000000000000000000000000000000000000000000000
63 31 000000000000000100000000000000000000000000000000000000000000000000000000000000000000000000000000000000000000000000000000000000010000000000000000000000000000000000000000000000000000000000000
0 16 000000000000000010000000000000000000000000000000000000000000000000000000000000000000000000000000000000000000000000000000000000001000000000000000000000000000000000000000000000000000000000000
1 17 000000000000000010000000000000000000000000000000000000000000000000000000000000000000000000000000000000000000000000000000000000001000000000000000000000000000000000000000000000000000000000000
2 18 000000000000000010000000000000000000000000000000000000000000000000000000000000000000000000000000000000000000000000000000000000001000000000000000000000000000000000000000000000000000000000000
3 19 000000000000000010000000000000000000000000000000000000000000000000000000000000000000000000000000000000000000000000000000000000001000000000000000000000000000000000000000000000000000000000000
4 20 000000000000000010000000000000000000000000000000000000000000000000000000000000000000000000000000000000000000000000000000000000001000000000000000000000000000000000000000000000000000000000000
5 21 000000000000000010000000000000000000000000000000000000000000000000000000000000000000000000000000000000000000000000000000000000001000000000000000000000000000000000000000000000000000000000000
6 22 000000000000000010000000000000000000000000000000000000000000000000000000000000000000000000000000000000000000000000000000000000001000000000000000000000000000000000000000000000000000000000000
7 23 000000000000000010000000000000000000000000000000000000000000000000000000000000000000000000000000000000000000000000000000000000001000000000000000000000000000000000000000000000000000000000000
8 24 000000000000000010000000000000000000000000000000000000000000000000000000000000000000000000000000000000000000000000000000000000000100000000000000000000000000000000000000000000000000000000000
9 25 000000000000000010000000000000000000000000000000000000000000000000000000000000000000000000000000000000000000000000000000000000000100000000000000000000000000000000000000000000000000000000000
10 26 000000000000000010000000000000000000000000000000000000000000000000000000000000000000000000000000000000000000000000000000000000000100000000000000000000000000000000000000000000000000000000000
11 27 000000000000000010000000000000000000000000000000000000000000000000000000000000000000000000000000000000000000000000000000000000000100000000000000000000000000000000000000000000000000000000000
12 28 000000000000000010000000000000000000000000000000000000000000000000000000000000000000000000000000000000000000000000000000000000000100000000000000000000000000000000000000000000000000000000000
13 29 000000000000000010000000000000000000000000000000000000000000000000000000000000000000000000000000000000000000000000000000000000000100000000000000000000000000000000000000000000000000000000000
14 30 000000000000000010000000000000000000000000000000000000000000000000000000000000000000000000000000000000000000000000000000000000000100000000000000000000000000000000000000000000000000000000000
15 31 000000000000000010000000000000000000000000000000000000000000000000000000000000000000000000000000000000000000000000000000000000000100000000000000000000000000000000000000000000000000000000000
32 48 000000000000000010000000000000000000000000000000000000000000000000000000000000000000000000000000000000000000000000000000000000000000000000000000000000000000000000000000000000000000000000000
33 49 000000000000000010000000000000000000000000000000000000000000000000000000000000000000000000000000000000000000000000000000000000000000000000000000000000000000000000000000000000000000000000000
34 50 000000000000000010000000000000000000000000000000000000000000000000000000000000000000000000000000000000000000000000000000000000000000000000000000000000000000000000000000000000000000000000000
35 51 000000000000000010000000000000000000000000000000000000000000000000000000000000000000000000000000000000000000000000000000000000000000000000000000000000000000000000000000000000000000000000000
36 52 000000000000000010000000000000000000000000000000000000000000000000000000000000000000000000000000000000000000000000000000000000000000000000000000000000000000000000000000000000000000000000000
37 53 000000000000000010000000000000000000000000000000000000000000000000000000000000000000000000000000000000000000000000000000000000000000000000000000000000000000000000000000000000000000000000000
38 54 000000000000000010000000000000000000000000000000000000000000000000000000000000000000000000000000000000000000000000000000000000000000000000000000000000000000000000000000000000000000000000000
39 55 000000000000000010000000000000000000000000000000000000000000000000000000000000000000000000000000000000000000000000000000000000000000000000000000000000000000000000000000000000000000000000000
40 56 000000000000000010000000000000000000000000000000000000000000000000000000000000000000000000000000000000000000000000000000000000000001000000000000000000000000000000000000000000000000000000000
41 57 000000000000000010000000000000000000000000000000000000000000000000000000000000000000000000000000000000000000000000000000000000000001000000000000000000000000000000000000000000000000000000000
42 58 000000000000000010000000000000000000000000000000000000000000000000000000000000000000000000000000000000000000000000000000000000000001000000000000000000000000000000000000000000000000000000000
43 59 000000000000000010000000000000000000000000000000000000000000000000000000000000000000000000000000000000000000000000000000000000000001000000000000000000000000000000000000000000000000000000000
44 60 000000000000000010000000000000000000000000000000000000000000000000000000000000000000000000000000000000000000000000000000000000000001000000000000000000000000000000000000000000000000000000000
45 61 000000000000000010000000000000000000000000000000000000000000000000000000000000000000000000000000000000000000000000000000000000000001000000000000000000000000000000000000000000000000000000000
46 62 000000000000000010000000000000000000000000000000000000000000000000000000000000000000000000000000000000000000000000000000000000000001000000000000000000000000000000000000000000000000000000000
47 63 000000000000000010000000000000000000000000000000000000000000000000000000000000000000000000000000000000000000000000000000000000000001000000000000000000000000000000000000000000000000000000000
0 8 000000000000000001000000000000000000000000000000000000000000000000000000000000000000000000000000000000000000000000000000000000000000100000000000000000000000000000000000000000000000000000000
4 12 000000000000000001000000000000000000000000000000000000000000000000000000000000000000000000000000000000000000000000000000000000000000100000000000000000000000000000000000000000000000000000000
32 40 000000000000000001000000000000000000000000000000000000000000000000000000000000000000000000000000000000000000000000000000000000000000100000000000000000000000000000000000000000000000000000000
36 44 000000000000000001000000000000000000000000000000000000000000000000000000000000000000000000000000000000000000000000000000000000000000100000000000000000000000000000000000000000000000000000000
9 1 000000000000000000100000000000000000000000000000000000000000000000000000000000000000000000000000100000000000000000000000000000000000000000000000000000000000000000000000000000000000000000000
13 5 000000000000000000100000000000000000000000000000000000000000000000000000000000000000000000000000100000000000000000000000000000000000000000000000000000000000000000000000000000000000000000000
41 33 000000000000000000100000000000000000000000000000000000000000000000000000000000000000000000000000100000000000000000000000000000000000000000000000000000000000000000000000000000000000000000000
45 37 000000000000000000100000000000000000000000000000000000000000000000000000000000000000000000000000100000000000000000000000000000000000000000000000000000000000000000000000000000000000000000000
10 2 000000000000000000010000000000000000000000000000000000000000000000000000000000000000000000000000100000000000000000000000000000000000000000000000000000000000000000000000000000000000000000000
14 6 000000000000000000010000000000000000000000000000000000000000000000000000000000000000000000000000100000000000000000000000000000000000000000000000000000000000000000000000000000000000000000000
42 34 000000000000000000010000000000000000000000000000000000000000000000000000000000000000000000000000100000000000000000000000000000000000000000000000000000000000000000000000000000000000000000000
46 38 000000000000000000010000000000000000000000000000000000000000000000000000000000000000000000000000100000000000000000000000000000000000000000000000000000000000000000000000000000000000000000000
3 11 000000000000000000001000000000000000000000000000000000000000000000000000000000000000000000000000000000000000000000000000000000000000100000000000000000000000000000000000000000000000000000000
7 15 000000000000000000001000000000000000000000000000000000000000000000000000000000000000000000000000000000000000000000000000000000000000100000000000000000000000000000000000000000000000000000000
35 43 000000000000000000001000000000000000000000000000000000000000000000000000000000000000000000000000000000000000000000000000000000000000100000000000000000000000000000000000000000000000000000000
39 47 000000000000000000001000000000000000000000000000000000000000000000000000000000000000000000000000000000000000000000000000000000000000100000000000000000000000000000000000000000000000000000000
24 16 000000000000000000000100000000000000000000000000000000000000000000000000000000000000000000000000000000000000000000000000000000000000000000000000000000000000000000000000000000000000000000000
28 20 000000000000000000000100000000000000000000000000000000000000000000000000000000000000000000000000000000000000000000000000000000000000000000000000000000000000000000000000000000000000000000000
56 48 000000000000000000000100000000000000000000000000000000000000000000000000000000000000000000000000000000000000000000000000000000000000000000000000000000000000000000000000000000000000000000000
60 52 000000000000000000000100000000000000000000000000000000000000000000000000000000000000000000000000000000000000000000000000000000000000000000000000000000000000000000000000000000000000000000000
25 17 000000000000000000000010000000000000000000000000000000000000000000000000000000000000000000000000000000000000000000000000000000000000000000000000000000000000000000000000000000000000000000000
29 21 000000000000000000000010000000000000000000000000000000000000000000000000000000000000000000000000000000000000000000000000000000000000000000000000000000000000000000000000000000000000000000000
57 49 000000000000000000000010000000000000000000000000000000000000000000000000000000000000000000000000000000000000000000000000000000000000000000000000000000000000000000000000000000000000000000000
61 53 000000000000000000000010000000000000000000000000000000000000000000000000000000000000000000000000000000000000000000000000000000000000000000000000000000000000000000000000000000000000000000000
26 18 000000000000000000000001000000000000000000000000000000000000000000000000000000000000000000000000000000000000000000000000000000000000000000000000000000000000000000000000000000000000000000000
30 22 000000000000000000000001000000000000000000000000000000000000000000000000000000000000000000000000000000000000000000000000000000000000000000000000000000000000000000000000000000000000000000000
58 50 000000000000000000000001000000000000000000000000000000000000000000000000000000000000000000000000000000000000000000000000000000000000000000000000000000000000000000000000000000000000000000000
62 54 000000000000000000000001000000000000000000000000000000000000000000000000000000000000000000000000000000000000000000000000000000000000000000000000000000000000000000000000000000000000000000000
19 27 000000000000000000000000100000000000000000000000000000000000000000000000000000000000000000000000010000000000000000000000000000000000100000000000000000000000000000000000000000000000000000000
23 31 000000000000000000000000100000000000000000000000000000000000000000000000000000000000000000000000010000000000000000000000000000000000100000000000000000000000000000000000000000000000000000000
51 59 000000000000000000000000100000000000000000000000000000000000000000000000000000000000000000000000010000000000000000000000000000000000100000000000000000000000000000000000000000000000000000000
55 63 000000000000000000000000100000000000000000000000000000000000000000000000000000000000000000000000010000000000000000000000000000000000100000000000000000000000000000000000000000000000000000000
0 4 000000000000000000000000010000000000000000000000000000000000000000000000000000000000000000000000000000000000000000000000000000000000010000000000000000000000000000000000000000000000000000000
5 1 000000000000000000000000001000000000000000000000000000000000000000000000000000000000000000000000001000000000000000000000000000000000001000000000000000000000000000000000000000000000000000000
6 2 000000000000000000000000000100000000000000000000000000000000000000000000000000000000000000000000000100000000000000000000000000000000000000000000000000000000000000000000000000000000000000000
7 3 000000000000000000000000000010000000000000000000000000000000000000000000000000000000000000000000000100000000000000000000000000000000001000000000000000000000000000000000000000000000000000000
8 12 000000000000000000000000000001000000000000000000000000000000000000000000000000000000000000000000000010000000000000000000000000000000000100000000000000000000000000000000000000000000000000000
13 9 000000000000000000000000000000100000000000000000000000000000000000000000000000000000000000000000000000000000000000000000000000000000000010000000000000000000000000000000000000000000000000000
14 10 000000000000000000000000000000010000000000000000000000000000000000000000000000000000000000000000000001000000000000000000000000000000000000000000000000000000000000000000000000000000000000000
15 11 000000000000000000000000000000001000000000000000000000000000000000000000000000000000000000000000000001000000000000000000000000000000000010000000000000000000000000000000000000000000000000000
16 20 000000000000000000000000000000000100000000000000000000000000000000000000000000000000000000000000000000100000000000000000000000000000000000000000000000000000000000000000000000000000000000000
21 17 000000000000000000000000000000000010000000000000000000000000000000000000000000000000000000000000000000000000000000000000000000000000000000100000000000000000000000000000000000000000000000000
18 22 000000000000000000000000000000000001000000000000000000000000000000000000000000000000000000000000000000000000000000000000000000000000000000000000000000000000000000000000000000000000000000000
23 19 000000000000000000000000000000000000100000000000000000000000000000000000000000000000000000000000000000010000000000000000000000000000000000100000000000000000000000000000000000000000000000000
28 24 000000000000000000000000000000000000010000000000000000000000000000000000000000000000000000000000000000000000000000000000000000000000000000000000000000000000000000000000000000000000000000000
29 25 000000000000000000000000000000000000001000000000000000000000000000000000000000000000000000000000000000000000000000000000000000000000000000001000000000000000000000000000000000000000000000000
30 26 000000000000000000000000000000000000000100000000000000000000000000000000000000000000000000000000000000000100000000000000000000000000000000000000000000000000000000000000000000000000000000000
27 31 000000000000000000000000000000000000000010000000000000000000000000000000000000000000000000000000000000000000000000000000000000000000000000000000000000000000000000000000000000000000000000000
36 32 000000000000000000000000000000000000000001000000000000000000000000000000000000000000000000000000001000000000000000000000000000000000000000000100000000000000000000000000000000000000000000000
33 37 000000000000000000000000000000000000000000100000000000000000000000000000000000000000000000000000000000000000000000000000000000000000000000000010000000000000000000000000000000000000000000000
34 38 000000000000000000000000000000000000000000010000000000000000000000000000000000000000000000000000000000000000000000000000000000000000000000000000000000000000000000000000000000000000000000000
39 35 000000000000000000000000000000000000000000001000000000000000000000000000000000000000000000000000000100000000000000000000000000000000000000000000000000000000000000000000000000000000000000000
44 40 000000000000000000000000000000000000000000000100000000000000000000000000000000000000000000000000000000000000000000000000000000000000000000000000000000000000000000000000000000000000000000000
41 45 000000000000000000000000000000000000000000000010000000000000000000000000000000000000000000000000000010000000000000000000000000000000000000000000100000000000000000000000000000000000000000000
42 46 000000000000000000000000000000000000000000000001000000000000000000000000000000000000000000000000000000000000000000000000000000000000000000000001000000000000000000000000000000000000000000000
43 47 000000000000000000000000000000000000000000000000100000000000000000000000000000000000000000000000000000000000000000000000000000000000000000000000100000000000000000000000000000000000000000000
48 52 000000000000000000000000000000000000000000000000010000000000000000000000000000000000000000000000000000100000000000000000000000000000000000000000000000000000000000000000000000000000000000000
49 53 000000000000000000000000000000000000000000000000001000000000000000000000000000000000000000000000000000100000000000000000000000000000000000000000001000000000000000000000000000000000000000000
54 50 000000000000000000000000000000000000000000000000000100000000000000000000000000000000000000000000000000010000000000000000000000000000000000000000010000000000000000000000000000000000000000000
55 51 000000000000000000000000000000000000000000000000000010000000000000000000000000000000000000000000000000010000000000000000000000000000000000000000000000000000000000000000000000000000000000000
60 56 000000000000000000000000000000000000000000000000000001000000000000000000000000000000000000000000000000000000000000000000000000000000000000000000000000000000000000000000000000000000000000000
57 61 000000000000000000000000000000000000000000000000000000100000000000000000000000000000000000000000000000001000000000000000000000000000000000000000000000000000000000000000000000000000000000000
62 58 000000000000000000000000000000000000000000000000000000010000000000000000000000000000000000000000000000000100000000000000000000000000000000000000000000000000000000000000000000000000000000000
63 59 000000000000000000000000000000000000000000000000000000001000000000000000000000000000000000000000000000000100000000000000000000000000000000000000000010000000000000000000000000000000000000000
0 2 000000000000000000000000000000000000000000000000000000000100000000000000000000000000000000000000000000000000000000000000000000000000000000000000000001000000000000000000000000000000000000000
1 3 000000000000000000000000000000000000000000000000000000000100000000000000000000000000000000000000000000000000000000000000000000000000000000000000000000100000000000000000000000000000000000000
4 6 000000000000000000000000000000000000000000000000000000000100000000000000000000000000000000000000000000000000000000000000000000000000000000000000000000010000000000000000000000000000000000000
5 7 000000000000000000000000000000000000000000000000000000000100000000000000000000000000000000000000000000000000000000000000000000000000000000000000000000001000000000000000000000000000000000000
8 10 000000000000000000000000000000000000000000000000000000000100000000000000000000000000000000000000000000000001000000000000000000000000000000000000000000000000000000000000000000000000000000000
9 11 000000000000000000000000000000000000000000000000000000000100000000000000000000000000000000000000000000000001000000000000000000000000000000000000000000000000000000000000000000000000000000000
12 14 000000000000000000000000000000000000000000000000000000000100000000000000000000000000000000000000000000000001000000000000000000000000000000000000000000000001000000000000000000000000000000000
13 15 000000000000000000000000000000000000000000000000000000000100000000000000000000000000000000000000000000000001000000000000000000000000000000000000000000000000100000000000000000000000000000000
32 34 000000000000000000000000000000000000000000000000000000000100000000000000000000000000000000000000000000000000000000000000000000000000000000000000000000000000000000000000000000000000000000000
33 35 000000000000000000000000000000000000000000000000000000000100000000000000000000000000000000000000000000000000000000000000000000000000000000000000000000000000000000000000000000000000000000000
36 38 000000000000000000000000000000000000000000000000000000000100000000000000000000000000000000000000000000000000000000000000000000000000000000000000000000000000000000000000000000000000000000000
37 39 000000000000000000000000000000000000000000000000000000000100000000000000000000000000000000000000000000000000000000000000000000000000000000000000000000000000000000000000000000000000000000000
40 42 000000000000000000000000000000000000000000000000000000000100000000000000000000000000000000000000000000000001000000000000000000000000000000000000000000000000000000000000000000000000000000000
41 43 000000000000000000000000000000000000000000000000000000000100000000000000000000000000000000000000000000000001000000000000000000000000000000000000000000000000000000000000000000000000000000000
44 46 000000000000000000000000000000000000000000000000000000000100000000000000000000000000000000000000000000000001000000000000000000000000000000000000000000000000000000000000000100000000000000000
45 47 000000000000000000000000000000000000000000000000000000000100000000000000000000000000000000000000000000000001000000000000000000000000000000000000000000000000000000000000000000000000000000000
18 16 000000000000000000000000000000000000000000000000000000000010000000000000000000000000000000000000000000000000000000000000000000000000000000000000000000000000010000000000000000000000000000000
19 17 000000000000000000000000000000000000000000000000000000000010000000000000000000000000000000000000000000000000000000000000000000000000000000000000000000000000000000000000000000000000000000000
22 20 000000000000000000000000000000000000000000000000000000000010000000000000000000000000000000000000000000000000000000000000000000000000000000000000000000000000000000000000000000000000000000000
23 21 000000000000000000000000000000000000000000000000000000000010000000000000000000000000000000000000000000000000000000000000000000000000000000000000000000000000000010000000000000000000000000000
26 24 000000000000000000000000000000000000000000000000000000000010000000000000000000000000000000000000000000000000010000000000000000000000000000000000000000000000000001000000000000000000000000000
27 25 000000000000000000000000000000000000000000000000000000000010000000000000000000000000000000000000000000000000010000000000000000000000000000000000000000000000000000000000000000000000000000000
30 28 000000000000000000000000000000000000000000000000000000000010000000000000000000000000000000000000000000000000010000000000000000000000000000000000000000000000000000010000000000000000000000000
31 29 000000000000000000000000000000000000000000000000000000000010000000000000000000000000000000000000000000000000010000000000000000000000000000000000000000000000000000001000000000000000000000000
50 48 000000000000000000000000000000000000000000000000000000000010000000000000000000000000000000000000000000000000000000000000000000000000000000000000000000000000000000000000000001000000000000000
51 49 000000000000000000000000000000000000000000000000000000000010000000000000000000000000000000000000000000000000000000000000000000000000000000000000000000000000000000000000000000100000000000000
54 52 000000000000000000000000000000000000000000000000000000000010000000000000000000000000000000000000000000000000000000000000000000000000000000000000000000000000000000000000000000000000000000000
55 53 000000000000000000000000000000000000000000000000000000000010000000000000000000000000000000000000000000000000000000000000000000000000000000000000000000000000000000000000000000001000000000000
58 56 000000000000000000000000000000000000000000000000000000000010000000000000000000000000000000000000000000000000010000000000000000000000000000000000000000000000000000000000000000000000000000000
59 57 000000000000000000000000000000000000000000000000000000000010000000000000000000000000000000000000000000000000010000000000000000000000000000000000000000000000000000000000000000000010000000000
62 60 000000000000000000000000000000000000000000000000000000000010000000000000000000000000000000000000000000000000010000000000000000000000000000000000000000000000000000000000000000000000000000000
63 61 000000000000000000000000000000000000000000000000000000000010000000000000000000000000000000000000000000000000010000000000000000000000000000000000000000000000000000000000000000000000000000000
0 1 000000000000000000000000000000000000000000000000000000000001000000000000000000000000000000000000000000000000000000000000000000000000000000000000000000000000000000000000000000000000010000000
4 5 000000000000000000000000000000000000000000000000000000000001000000000000000000000000000000000000000000000000000000000000000000000000000000000000000000000000000000000000000000000000010000000
8 9 000000000000000000000000000000000000000000000000000000000001000000000000000000000000000000000000000000000000000000000000000000000000000000000000000000000000000000000000000000000000001000000
12 13 000000000000000000000000000000000000000000000000000000000001000000000000000000000000000000000000000000000000000000001000000000000000000000000000000000000000000000000000000000000000001000000
32 33 000000000000000000000000000000000000000000000000000000000001000000000000000000000000000000000000000000000000000000000000000000000000000000000000000000000000000000000000000000000000000000000
36 37 000000000000000000000000000000000000000000000000000000000001000000000000000000000000000000000000000000000000000000000000000000000000000000000000000000000000000000000000000000000000000000000
40 41 000000000000000000000000000000000000000000000000000000000001000000000000000000000000000000000000000000000000000000000000000000000000000000000000000000000000000000000000000000000000000000100
44 45 000000000000000000000000000000000000000000000000000000000001000000000000000000000000000000000000000000000000000000001000000000000000000000000000000000000000000000000000000000000000000000100
2 3 000000000000000000000000000000000000000000000000000000000000100000000000000000000000000000000000000000000000000000000000000000000000000000000000000000000000000000000000000000000000010000000
6 7 000000000000000000000000000000000000000000000000000000000000100000000000000000000000000000000000000000000000000000000000000000000000000000000000000000000000000000000000000000000000010000000
10 11 000000000000000000000000000000000000000000000000000000000000100000000000000000000000000000000000000000000000000000000000000000000000000000000000000000000000000000000000000000000000001000000
14 15 000000000000000000000000000000000000000000000000000000000000100000000000000000000000000000000000000000000000000000000000000000000000000000000000000000000000000000000000000000000000001000000
34 35 000000000000000000000000000000000000000000000000000000000000100000000000000000000000000000000000000000000000000000000000000000000000000000000000000000000000000000000000000000000000000000000
38 39 000000000000000000000000000000000000000000000000000000000000100000000000000000000000000000000000000000000000000000000000000000000000000000000000000000000000000000000000000000000000000000000
42 43 000000000000000000000000000000000000000000000000000000000000100000000000000000000000000000000000000000000000000000000000000000000000000000000000000000000000000000000000000000000000000000100
46 47 000000000000000000000000000000000000000000000000000000000000100000000000000000000000000000000000000000000000000000000000000000000000000000000000000000000000000000000000000000000000000000100
17 16 000000000000000000000000000000000000000000000000000000000000010000000000000000000000000000000000000000000000000000000010000000000000000000000000000000000000000000000000000000000000000100000
21 20 000000000000000000000000000000000000000000000000000000000000010000000000000000000000000000000000000000000000000000000000000000000000000000000000000000000000000000000000000000000000000100000
25 24 000000000000000000000000000000000000000000000000000000000000010000000000000000000000000000000000000000000000000000000000000000000000000000000000000000000000000000000000000000000000000000000
29 28 000000000000000000000000000000000000000000000000000000000000010000000000000000000000000000000000000000000000000000000000000000000000000000000000000000000000000000000000000000000000000000000
49 48 000000000000000000000000000000000000000000000000000000000000010000000000000000000000000000000000000000000000000000000010000000000000000000000000000000000000000000000000000000000000000000010
53 52 000000000000000000000000000000000000000000000000000000000000010000000000000000000000000000000000000000000000000000000000000000000000000000000000000000000000000000000000000000000000000000010
57 56 000000000000000000000000000000000000000000000000000000000000010000000000000000000000000000000000000000000000000000000000000000000000000000000000000000000000000000000000000000000000000000001
61 60 000000000000000000000000000000000000000000000000000000000000010000000000000000000000000000000000000000000000000000000000000000000000000000000000000000000000000000000000000000000000000000001
18 19 000000000000000000000000000000000000000000000000000000000000001000000000000000000000000000000000000000000000000000000001000000000000000000000000000000000000000000000000000000000000000000000
22 23 000000000000000000000000000000000000000000000000000000000000001000000000000000000000000000000000000000000000000000000000000000000000000000000000000000000000000000000000000000000000000000000
26 27 000000000000000000000000000000000000000000000000000000000000001000000000000000000000000000000000000000000000000000000000000100000000000000000000000000000000000000000000000000000000000010000
30 31 000000000000000000000000000000000000000000000000000000000000001000000000000000000000000000000000000000000000000000000000000001000000000000000000000000000000000000000000000000000000000010000
50 51 000000000000000000000000000000000000000000000000000000000000001000000000000000000000000000000000000000000000000000000001000000000000000000000000000000000000000000000000000000000000000000000
54 55 000000000000000000000000000000000000000000000000000000000000001000000000000000000000000000000000000000000000000000000000000000000000000000000000000000000000000000000000000000000000000000000
58 59 000000000000000000000000000000000000000000000000000000000000001000000000000000000000000000000000000000000000000000000000000100000000000000000000000000000000000000000000000000000000000000000
62 63 000000000000000000000000000000000000000000000000000000000000001000000000000000000000000000000000000000000000000000000000000001000000000000000000000000000000000000000000000000000000000000000
32 0 000000000000000000000000000000000000000000000000000000000000000100000000000000000000000000000000000000000000000000000000000000000000000000000000000000000000000000000000000000000000000000000
36 4 000000000000000000000000000000000000000000000000000000000000000000010000000000000000000000000000000000000000000000000000000000000000000000000000000000000000000000000000000000000000000000000
5 37 000000000000000000000000000000000000000000000000000000000000000000001000000000000000000000000000000000000000000000000000000000100000000000000000000000000000000000000000000000000000000000000
43 11 000000000000000000000000000000000000000000000000000000000000000000000000001000000000000000000000000000000000000000000000000000010000000000000000000000000000000000000000000000000000000000000
13 45 000000000000000000000000000000000000000000000000000000000000000000000000000010000000000000000000000000000000000000000000000000000000000000000000000000000000000000000000000000000000000000000
46 14 000000000000000000000000000000000000000000000000000000000000000000000000000001000000000000000000000000000000000000000000000000010000000000000000000000000000000000000000000000000000000000000
16 48 000000000000000000000000000000000000000000000000000000000000000000000000000000010000000000000000000000000000000000000000000000100000000000000000000000000000000000000000000000000000000000000
18 50 000000000000000000000000000000000000000000000000000000000000000000000000000000000100000000000000000000000000000000000000000000100000000000000000000000000000000000000000000000000000000000000
51 19 000000000000000000000000000000000000000000000000000000000000000000000000000000000010000000000000000000000000000000000000000000000000000000000000000000000000000000000000000000000000000000000
20 52 000000000000000000000000000000000000000000000000000000000000000000000000000000000001000000000000000000000000000000000000000000100000000000000000000000000000000000000000000000000000000000000
22 54 000000000000000000000000000000000000000000000000000000000000000000000000000000000000010000000000000000000000000000000000000000100000000000000000000000000000000000000000000000000000000000000
24 56 000000000000000000000000000000000000000000000000000000000000000000000000000000000000000100000000000000000000000000000000000000000000000000000000000000000000000000000000000000000000000000000
25 57 000000000000000000000000000000000000000000000000000000000000000000000000000000000000000010000000000000000000000000000000000000000000000000000000000000000000000000000000000000000000000000000
28 60 000000000000000000000000000000000000000000000000000000000000000000000000000000000000000000010000000000000000000000000000000000000000000000000000000000000000000000000000000000000000000000000
31 63 000000000000000000000000000000000000000000000000000000000000000000000000000000000000000000000010000000000000000000000000000000000000000000000000000000000000000000000000000000000000000000000
16 0 000000000000000000000000000000000000000000000000000000000000000000000000000000000000000000000001000000000000000000000000000000000000000000000000000000000000000000000000000000000000000000000
17 1 000000000000000000000000000000000000000000000000000000000000000000000000000000000000000000000001000000000000000000000000000000000000000000000000000000000000000000000000000000000000000000000
18 2 000000000000000000000000000000000000000000000000000000000000000000000000000000000000000000000001000000000000000000000000000000000000000000000000000000000000000000000000000000000000000000000
19 3 000000000000000000000000000000000000000000000000000000000000000000000000000000000000000000000001000000000000000000000000000000000000000000000000000000000000000000000000000000000000000000000
20 4 000000000000000000000000000000000000000000000000000000000000000000000000000000000000000000000001000000000000000000000000000000000000000000000000000000000000000000000000000000000000000000000
21 5 000000000000000000000000000000000000000000000000000000000000000000000000000000000000000000000001000000000000000000000000000000000000000000000000000000000000000000000000000000000000000000000
22 6 000000000000000000000000000000000000000000000000000000000000000000000000000000000000000000000001000000000000000000000000000000000000000000000000000000000000000000000000000000000000000000000
23 7 000000000000000000000000000000000000000000000000000000000000000000000000000000000000000000000001000000000000000000000000000000000000000000000000000000000000000000000000000000000000000000000
24 8 000000000000000000000000000000000000000000000000000000000000000000000000000000000000000000000001000000000000000000000000000000000000000000000000000000000000000000000000000000000000000000000
25 9 000000000000000000000000000000000000000000000000000000000000000000000000000000000000000000000001000000000000000000000000000000000000000000000000000000000000000000000000000000000000000000000
26 10 000000000000000000000000000000000000000000000000000000000000000000000000000000000000000000000001000000000000000000000000000000000000000000000000000000000000000000000000000000000000000000000
27 11 000000000000000000000000000000000000000000000000000000000000000000000000000000000000000000000001000000000000000000000000000000000000000000000000000000000000000000000000000000000000000000000
28 12 000000000000000000000000000000000000000000000000000000000000000000000000000000000000000000000001000000000000000000000000000000000000000000000000000000000000000000000000000000000000000000000
29 13 000000000000000000000000000000000000000000000000000000000000000000000000000000000000000000000001000000000000000000000000000000000000000000000000000000000000000000000000000000000000000000000
30 14 000000000000000000000000000000000000000000000000000000000000000000000000000000000000000000000001000000000000000000000000000000000000000000000000000000000000000000000000000000000000000000000
31 15 000000000000000000000000000000000000000000000000000000000000000000000000000000000000000000000001000000000000000000000000000000000000000000000000000000000000000000000000000000000000000000000
48 32 000000000000000000000000000000000000000000000000000000000000000000000000000000000000000000000001000000000000000000000000000000000010000000000000000000000000000000000000000000000000000000000
49 33 000000000000000000000000000000000000000000000000000000000000000000000000000000000000000000000001000000000000000000000000000000000010000000000000000000000000000000000000000000000000000000000
50 34 000000000000000000000000000000000000000000000000000000000000000000000000000000000000000000000001000000000000000000000000000000000010000000000000000000000000000000000000000000000000000000000
51 35 000000000000000000000000000000000000000000000000000000000000000000000000000000000000000000000001000000000000000000000000000000000010000000000000000000000000000000000000000000000000000000000
52 36 000000000000000000000000000000000000000000000000000000000000000000000000000000000000000000000001000000000000000000000000000000000010000000000000000000000000000000000000000000000000000000000
53 37 000000000000000000000000000000000000000000000000000000000000000000000000000000000000000000000001000000000000000000000000000000000010000000000000000000000000000000000000000000000000000000000
54 38 000000000000000000000000000000000000000000000000000000000000000000000000000000000000000000000001000000000000000000000000000000000010000000000000000000000000000000000000000000000000000000000
55 39 000000000000000000000000000000000000000000000000000000000000000000000000000000000000000000000001000000000000000000000000000000000010000000000000000000000000000000000000000000000000000000000
56 40 000000000000000000000000000000000000000000000000000000000000000000000000000000000000000000000001000000000000000000000000000000000000000000000000000000000000000000000000000000000000000000000
57 41 000000000000000000000000000000000000000000000000000000000000000000000000000000000000000000000001000000000000000000000000000000000000000000000000000000000000000000000000000000000000000000000
58 42 000000000000000000000000000000000000000000000000000000000000000000000000000000000000000000000001000000000000000000000000000000000000000000000000000000000000000000000000000000000000000000000
59 43 000000000000000000000000000000000000000000000000000000000000000000000000000000000000000000000001000000000000000000000000000000000000000000000000000000000000000000000000000000000000000000000
60 44 000000000000000000000000000000000000000000000000000000000000000000000000000000000000000000000001000000000000000000000000000000000000000000000000000000000000000000000000000000000000000000000
61 45 000000000000000000000000000000000000000000000000000000000000000000000000000000000000000000000001000000000000000000000000000000000000000000000000000000000000000000000000000000000000000000000
62 46 000000000000000000000000000000000000000000000000000000000000000000000000000000000000000000000001000000000000000000000000000000000000000000000000000000000000000000000000000000000000000000000
63 47 000000000000000000000000000000000000000000000000000000000000000000000000000000000000000000000001000000000000000000000000000000000000000000000000000000000000000000000000000000000000000000000
8 0 000000000000000000000000000000000000000000000000000000000000000000000000000000000000000000000000100000000000000000000000000000000000000000000000000000000000000000000000000000000000000000000
11 3 000000000000000000000000000000000000000000000000000000000000000000000000000000000000000000000000100000000000000000000000000000000000000000000000000000000000000000000000000000000000000000000
12 4 000000000000000000000000000000000000000000000000000000000000000000000000000000000000000000000000100000000000000000000000000000000000000000000000000000000000000000000000000000000000000000000
15 7 000000000000000000000000000000000000000000000000000000000000000000000000000000000000000000000000100000000000000000000000000000000000000000000000000000000000000000000000000000000000000000000
40 32 000000000000000000000000000000000000000000000000000000000000000000000000000000000000000000000000100000000000000000000000000000000000000000000000000000000000000000000000000000000000000000000
43 35 000000000000000000000000000000000000000000000000000000000000000000000000000000000000000000000000100000000000000000000000000000000000000000000000000000000000000000000000000000000000000000000
44 36 000000000000000000000000000000000000000000000000000000000000000000000000000000000000000000000000100000000000000000000000000000000000000000000000000000000000000000000000000000000000000000000
47 39 000000000000000000000000000000000000000000000000000000000000000000000000000000000000000000000000100000000000000000000000000000000000000000000000000000000000000000000000000000000000000000000
16 24 000000000000000000000000000000000000000000000000000000000000000000000000000000000000000000000000010000000000000000000000000000000000100000000000000000000000000000000000000000000000000000000
17 25 000000000000000000000000000000000000000000000000000000000000000000000000000000000000000000000000010000000000000000000000000000000000100000000000000000000000000000000000000000000000000000000
18 26 000000000000000000000000000000000000000000000000000000000000000000000000000000000000000000000000010000000000000000000000000000000000100000000000000000000000000000000000000000000000000000000
20 28 000000000000000000000000000000000000000000000000000000000000000000000000000000000000000000000000010000000000000000000000000000000000100000000000000000000000000000000000000000000000000000000
21 29 000000000000000000000000000000000000000000000000000000000000000000000000000000000000000000000000010000000000000000000000000000000000100000000000000000000000000000000000000000000000000000000
22 30 000000000000000000000000000000000000000000000000000000000000000000000000000000000000000000000000010000000000000000000000000000000000100000000000000000000000000000000000000000000000000000000
48 56 000000000000000000000000000000000000000000000000000000000000000000000000000000000000000000000000010000000000000000000000000000000000100000000000000000000000000000000000000000000000000000000
49 57 000000000000000000000000000000000000000000000000000000000000000000000000000000000000000000000000010000000000000000000000000000000000100000000000000000000000000000000000000000000000000000000
50 58 000000000000000000000000000000000000000000000000000000000000000000000000000000000000000000000000010000000000000000000000000000000000100000000000000000000000000000000000000000000000000000000
52 60 000000000000000000000000000000000000000000000000000000000000000000000000000000000000000000000000010000000000000000000000000000000000100000000000000000000000000000000000000000000000000000000
53 61 000000000000000000000000000000000000000000000000000000000000000000000000000000000000000000000000010000000000000000000000000000000000100000000000000000000000000000000000000000000000000000000
54 62 000000000000000000000000000000000000000000000000000000000000000000000000000000000000000000000000010000000000000000000000000000000000100000000000000000000000000000000000000000000000000000000
4 0 000000000000000000000000000000000000000000000000000000000000000000000000000000000000000000000000001000000000000000000000000000000000000000000000000000000000000000000000000000000000000000000
37 33 000000000000000000000000000000000000000000000000000000000000000000000000000000000000000000000000001000000000000000000000000000000000000000000000000000000000000000000000000000000000000000000
38 34 000000000000000000000000000000000000000000000000000000000000000000000000000000000000000000000000000100000000000000000000000000000000000000000100000000000000000000000000000000000000000000000
9 13 000000000000000000000000000000000000000000000000000000000000000000000000000000000000000000000000000010000000000000000000000000000000000000000000000000000000000000000000000000000000000000000
40 44 000000000000000000000000000000000000000000000000000000000000000000000000000000000000000000000000000010000000000000000000000000000000000000000001000000000000000000000000000000000000000000000
46 42 000000000000000000000000000000000000000000000000000000000000000000000000000000000000000000000000000001000000000000000000000000000000000000000000000000000000000000000000000000000000000000000
47 43 000000000000000000000000000000000000000000000000000000000000000000000000000000000000000000000000000001000000000000000000000000000000000000000000000000000000000000000000000000000000000000000
17 21 000000000000000000000000000000000000000000000000000000000000000000000000000000000000000000000000000000100000000000000000000000000000000000000000000000000000000000000000000000000000000000000
22 18 000000000000000000000000000000000000000000000000000000000000000000000000000000000000000000000000000000010000000000000000000000000000000001000000000000000000000000000000000000000000000000000
24 28 000000000000000000000000000000000000000000000000000000000000000000000000000000000000000000000000000000001000000000000000000000000000000000010000000000000000000000000000000000000000000000000
25 29 000000000000000000000000000000000000000000000000000000000000000000000000000000000000000000000000000000001000000000000000000000000000000000000000000000000000000000000000000000000000000000000
56 60 000000000000000000000000000000000000000000000000000000000000000000000000000000000000000000000000000000001000000000000000000000000000000000000000000100000000000000000000000000000000000000000
31 27 000000000000000000000000000000000000000000000000000000000000000000000000000000000000000000000000000000000100000000000000000000000000000000001000000000000000000000000000000000000000000000000
2 0 000000000000000000000000000000000000000000000000000000000000000000000000000000000000000000000000000000000010000000000000000000000000000000000000000000000000000000000000000000000000000000000
3 1 000000000000000000000000000000000000000000000000000000000000000000000000000000000000000000000000000000000010000000000000000000000000000000000000000000000000000000000000000000000000000000000
6 4 000000000000000000000000000000000000000000000000000000000000000000000000000000000000000000000000000000000010000000000000000000000000000000000000000000000000000000000000000000000000000000000
7 5 000000000000000000000000000000000000000000000000000000000000000000000000000000000000000000000000000000000010000000000000000000000000000000000000000000000000000000000000000000000000000000000
34 32 000000000000000000000000000000000000000000000000000000000000000000000000000000000000000000000000000000000010000000000000000000000000000000000000000000000000000000000100000000000000000000000
35 33 000000000000000000000000000000000000000000000000000000000000000000000000000000000000000000000000000000000010000000000000000000000000000000000000000000000000000000000010000000000000000000000
38 36 000000000000000000000000000000000000000000000000000000000000000000000000000000000000000000000000000000000010000000000000000000000000000000000000000000000000000000000001000000000000000000000
39 37 000000000000000000000000000000000000000000000000000000000000000000000000000000000000000000000000000000000010000000000000000000000000000000000000000000000000000000000000100000000000000000000
16 18 000000000000000000000000000000000000000000000000000000000000000000000000000000000000000000000000000000000000100000000000000000000000000000000000000000000000000000000000000000000000000000000
17 19 000000000000000000000000000000000000000000000000000000000000000000000000000000000000000000000000000000000000100000000000000000000000000000000000000000000000001000000000000000000000000000000
20 22 000000000000000000000000000000000000000000000000000000000000000000000000000000000000000000000000000000000000100000000000000000000000000000000000000000000000000100000000000000000000000000000
21 23 000000000000000000000000000000000000000000000000000000000000000000000000000000000000000000000000000000000000100000000000000000000000000000000000000000000000000000000000000000000000000000000
48 50 000000000000000000000000000000000000000000000000000000000000000000000000000000000000000000000000000000000000100000000000000000000000000000000000000000000000000000000000000000000000000000000
49 51 000000000000000000000000000000000000000000000000000000000000000000000000000000000000000000000000000000000000100000000000000000000000000000000000000000000000000000000000000000000000000000000
52 54 000000000000000000000000000000000000000000000000000000000000000000000000000000000000000000000000000000000000100000000000000000000000000000000000000000000000000000000000000000010000000000000
53 55 000000000000000000000000000000000000000000000000000000000000000000000000000000000000000000000000000000000000100000000000000000000000000000000000000000000000000000000000000000000000000000000
1 0 000000000000000000000000000000000000000000000000000000000000000000000000000000000000000000000000000000000000001000000000000000000000000000000000000000000000000000000000000000000000000000000
33 32 000000000000000000000000000000000000000000000000000000000000000000000000000000000000000000000000000000000000001000000000000000000000000000000000000000000000000000000000000000000000000001000
3 2 000000000000000000000000000000000000000000000000000000000000000000000000000000000000000000000000000000000000000100000000000000000000000000000000000000000000000000000000000000000000000000000
35 34 000000000000000000000000000000000000000000000000000000000000000000000000000000000000000000000000000000000000000100000000000000000000000000000000000000000000000000000000000000000000000001000
5 4 000000000000000000000000000000000000000000000000000000000000000000000000000000000000000000000000000000000000000010000000000000000000000000000000000000000000000000000000000000000000000000000
37 36 000000000000000000000000000000000000000000000000000000000000000000000000000000000000000000000000000000000000000010000000000000000000000000000000000000000000000000000000000000000000000001000
7 6 000000000000000000000000000000000000000000000000000000000000000000000000000000000000000000000000000000000000000001000000000000000000000000000000000000000000000000000000000000000000000000000
39 38 000000000000000000000000000000000000000000000000000000000000000000000000000000000000000000000000000000000000000001000000000000000000000000000000000000000000000000000000000000000000000001000
9 8 000000000000000000000000000000000000000000000000000000000000000000000000000000000000000000000000000000000000000000100000000000000000000000000000000000000000000000000000000000000000000000000
41 40 000000000000000000000000000000000000000000000000000000000000000000000000000000000000000000000000000000000000000000100000000000000000000000000000000000000000000000000000000000000000000000000
11 10 000000000000000000000000000000000000000000000000000000000000000000000000000000000000000000000000000000000000000000010000000000000000000000000000000000000000000000000000000000000000000000000
43 42 000000000000000000000000000000000000000000000000000000000000000000000000000000000000000000000000000000000000000000010000000000000000000000000000000000000000000000000000000000000000000000000
15 14 000000000000000000000000000000000000000000000000000000000000000000000000000000000000000000000000000000000000000000000100000000000000000000000000000000000000000000000000000000000000000000000
47 46 000000000000000000000000000000000000000000000000000000000000000000000000000000000000000000000000000000000000000000000100000000000000000000000000000000000000000000000000000000000000000000000
20 21 000000000000000000000000000000000000000000000000000000000000000000000000000000000000000000000000000000000000000000000000100000000000000000000000000000000000000000000000000000000000000000000
52 53 000000000000000000000000000000000000000000000000000000000000000000000000000000000000000000000000000000000000000000000000100000000000000000000000000000000000000000000000000000000000000000000
23 22 000000000000000000000000000000000000000000000000000000000000000000000000000000000000000000000000000000000000000000000000010000000000000000000000000000000000000000000000000000000000000100000
55 54 000000000000000000000000000000000000000000000000000000000000000000000000000000000000000000000000000000000000000000000000010000000000000000000000000000000000000000000000000000000000000000010
24 25 000000000000000000000000000000000000000000000000000000000000000000000000000000000000000000000000000000000000000000000000001000000000000000000000000000000000000000000000000000000000000010000
56 57 000000000000000000000000000000000000000000000000000000000000000000000000000000000000000000000000000000000000000000000000001000000000000000000000000000000000000000000000000000000000000000000
28 29 000000000000000000000000000000000000000000000000000000000000000000000000000000000000000000000000000000000000000000000000000010000000000000000000000000000000000000000000000000000000000010000
60 61 000000000000000000000000000000000000000000000000000000000000000000000000000000000000000000000000000000000000000000000000000010000000000000000000000000000000000000000000000000000000000000000
1 33 000000000000000000000000000000000000000000000000000000000000000000000000000000000000000000000000000000000000000000000000000000100000000000000000000000000000000000000000000000000000000000000
3 35 000000000000000000000000000000000000000000000000000000000000000000000000000000000000000000000000000000000000000000000000000000100000000000000000000000000000000000000000000000000000000000000
7 39 000000000000000000000000000000000000000000000000000000000000000000000000000000000000000000000000000000000000000000000000000000100000000000000000000000000000000000000000000000000000000000000
42 10 000000000000000000000000000000000000000000000000000000000000000000000000000000000000000000000000000000000000000000000000000000010000000000000000000000000000000000000000000000000000000000000
47 15 000000000000000000000000000000000000000000000000000000000000000000000000000000000000000000000000000000000000000000000000000000010000000000000000000000000000000000000000000000000000000000000
1 9 000000000000000000000000000000000000000000000000000000000000000000000000000000000000000000000000000000000000000000000000000000000000100000000000000000000000000000000000000000000000000000000
2 10 000000000000000000000000000000000000000000000000000000000000000000000000000000000000000000000000000000000000000000000000000000000000100000000000000000000000000000000000000000000000000000000
5 13 000000000000000000000000000000000000000000000000000000000000000000000000000000000000000000000000000000000000000000000000000000000000100000000000000000000000000000000000000000000000000000000
6 14 000000000000000000000000000000000000000000000000000000000000000000000000000000000000000000000000000000000000000000000000000000000000100000000000000000000000000000000000000000000000000000000
33 41 000000000000000000000000000000000000000000000000000000000000000000000000000000000000000000000000000000000000000000000000000000000000100000000000000000000000000000000000000000000000000000000
34 42 000000000000000000000000000000000000000000000000000000000000000000000000000000000000000000000000000000000000000000000000000000000000100000000000000000000000000000000000000000000000000000000
37 45 000000000000000000000000000000000000000000000000000000000000000000000000000000000000000000000000000000000000000000000000000000000000100000000000000000000000000000000000000000000000000000000
38 46 000000000000000000000000000000000000000000000000000000000000000000000000000000000000000000000000000000000000000000000000000000000000100000000000000000000000000000000000000000000000000000000
2 6 000000000000000000000000000000000000000000000000000000000000000000000000000000000000000000000000000000000000000000000000000000000000010000000000000000000000000000000000000000000000000000000
10 14 000000000000000000000000000000000000000000000000000000000000000000000000000000000000000000000000000000000000000000000000000000000000000100000000000000000000000000000000000000000000000000000
20 16 000000000000000000000000000000000000000000000000000000000000000000000000000000000000000000000000000000000000000000000000000000000000000001000000000000000000000000000000000000000000000000000
26 30 000000000000000000000000000000000000000000000000000000000000000000000000000000000000000000000000000000000000000000000000000000000000000000010000000000000000000000000000000000000000000000000
35 39 000000000000000000000000000000000000000000000000000000000000000000000000000000000000000000000000000000000000000000000000000000000000000000000010000000000000000000000000000000000000000000000
52 48 000000000000000000000000000000000000000000000000000000000000000000000000000000000000000000000000000000000000000000000000000000000000000000000000010000000000000000000000000000000000000000000
51 55 000000000000000000000000000000000000000000000000000000000000000000000000000000000000000000000000000000000000000000000000000000000000000000000000001000000000000000000000000000000000000000000
58 62 000000000000000000000000000000000000000000000000000000000000000000000000000000000000000000000000000000000000000000000000000000000000000000000000000100000000000000000000000000000000000000000
61 57 000000000000000000000000000000000000000000000000000000000000000000000000000000000000000000000000000000000000000000000000000000000000000000000000000010000000000000000000000000000000000000000
10 8 000000000000000000000000000000000000000000000000000000000000000000000000000000000000000000000000000000000000000000000000000000000000000000000000000000000100000000000000000000000000000000000
11 9 000000000000000000000000000000000000000000000000000000000000000000000000000000000000000000000000000000000000000000000000000000000000000000000000000000000010000000000000000000000000000000000
25 27 000000000000000000000000000000000000000000000000000000000000000000000000000000000000000000000000000000000000000000000000000000000000000000000000000000000000000000100000000000000000000000000
42 40 000000000000000000000000000000000000000000000000000000000000000000000000000000000000000000000000000000000000000000000000000000000000000000000000000000000000000000000000010000000000000000000
43 41 000000000000000000000000000000000000000000000000000000000000000000000000000000000000000000000000000000000000000000000000000000000000000000000000000000000000000000000000001000000000000000000
47 45 000000000000000000000000000000000000000000000000000000000000000000000000000000000000000000000000000000000000000000000000000000000000000000000000000000000000000000000000000010000000000000000
56 58 000000000000000000000000000000000000000000000000000000000000000000000000000000000000000000000000000000000000000000000000000000000000000000000000000000000000000000000000000000000100000000000
60 62 000000000000000000000000000000000000000000000000000000000000000000000000000000000000000000000000000000000000000000000000000000000000000000000000000000000000000000000000000000000001000000000
61 63 000000000000000000000000000000000000000000000000000000000000000000000000000000000000000000000000000000000000000000000000000000000000000000000000000000000000000000000000000000000000100000000
19 18 000000000000000000000000000000000000000000000000000000000000000000000000000000000000000000000000000000000000000000000000000000000000000000000000000000000000000000000000000000000000000100000
51 50 000000000000000000000000000000000000000000000000000000000000000000000000000000000000000000000000000000000000000000000000000000000000000000000000000000000000000000000000000000000000000000010
59 58 000000000000000000000000000000000000000000000000000000000000000000000000000000000000000000000000000000000000000000000000000000000000000000000000000000000000000000000000000000000000000000001
63 62 000000000000000000000000000000000000000000000000000000000000000000000000000000000000000000000000000000000000000000000000000000000000000000000000000000000000000000000000000000000000000000001
