----------- GRAPH -----------
Number of Preferences: 182
Number of Outcomes: 64
Number of Edges: 598
----------- STATS -----------
Algorithm used: Algorithm.MFAS
Runtime: 3.685791254043579seconds
Number of Iterations: 9
Number of Rows in Final Cycle Matrix: 1214
History of Number of Rows in the Cycle Matrix: [320, 532, 722, 826, 969, 1078, 1184, 1213, 1214]
Number of Constraints in Final Iteration: 1214
History of Constraint Nums: [320, 532, 722, 826, 969, 1078, 1184, 1213, 1214]
Number of Edges Removed: 188
Feedback Edge Set: [(32, 0), (32, 40), (1, 9), (1, 5), (1, 0), (1, 2), (33, 40), (33, 37), (33, 32), (33, 34), (34, 2), (34, 38), (3, 19), (3, 2), (3, 35), (4, 36), (4, 6), (4, 44), (5, 7), (5, 37), (38, 46), (38, 47), (38, 36), (6, 22), (6, 2), (6, 7), (39, 46), (39, 47), (39, 37), (39, 38), (8, 9), (8, 40), (8, 0), (9, 13), (9, 45), (9, 10), (41, 57), (41, 61), (41, 13), (41, 45), (41, 33), (41, 40), (10, 26), (10, 14), (10, 11), (10, 18), (10, 2), (42, 58), (42, 62), (42, 46), (42, 40), (42, 43), (42, 34), (42, 10), (42, 32), (43, 11), (43, 47), (43, 35), (11, 15), (11, 19), (11, 3), (12, 44), (44, 45), (44, 36), (44, 37), (44, 46), (45, 36), (45, 37), (13, 5), (14, 46), (14, 12), (14, 15), (14, 6), (15, 47), (15, 13), (48, 57), (48, 52), (48, 50), (16, 20), (16, 18), (16, 17), (16, 32), (16, 48), (16, 19), (49, 17), (49, 57), (49, 21), (49, 53), (49, 51), (49, 48), (49, 33), (49, 50), (17, 19), (17, 18), (17, 1), (17, 9), (50, 18), (50, 34), (18, 2), (51, 19), (51, 55), (51, 35), (52, 60), (52, 61), (52, 54), (20, 22), (20, 4), (20, 6), (21, 23), (21, 5), (21, 7), (21, 17), (21, 20), (53, 60), (53, 61), (53, 55), (53, 21), (53, 52), (54, 62), (54, 63), (54, 22), (23, 22), (23, 7), (23, 19), (55, 62), (55, 63), (55, 54), (55, 23), (24, 56), (24, 26), (24, 25), (24, 40), (24, 27), (56, 58), (56, 57), (57, 61), (25, 29), (25, 27), (25, 57), (25, 26), (25, 1), (25, 9), (25, 17), (58, 26), (58, 62), (58, 43), (58, 34), (26, 62), (26, 2), (27, 26), (27, 11), (27, 19), (59, 63), (59, 58), (59, 27), (59, 43), (59, 19), (59, 51), (59, 57), (59, 56), (60, 62), (28, 12), (28, 14), (28, 20), (28, 60), (61, 63), (61, 60), (29, 13), (29, 15), (29, 21), (29, 61), (30, 15), (30, 31), (30, 12), (30, 14), (30, 22), (30, 26), (30, 27), (30, 28), (30, 62), (63, 23), (63, 62), (31, 13), (31, 15), (31, 23), (31, 26), (31, 27), (31, 29)]
----------- STATS -----------
Algorithm used: Algorithm.EDGES
Runtime: 1.7530245780944824seconds
Number of Iterations: 2
Number of Rows in Final Cycle Matrix: 389
History of Number of Rows in the Cycle Matrix: [320, 389]
Number of Constraints in Final Iteration: 3561
History of Constraint Nums: [3492, 3561]
Number of Prefs Removed (size of minFBPS): 69
Minimum Feedback Pref Set: [3, 4, 12, 14, 15, 21, 22, 23, 24, 33, 35, 36, 39, 40, 41, 42, 43, 45, 47, 48, 49, 50, 51, 52, 54, 55, 56, 59, 62, 64, 66, 68, 71, 75, 77, 79, 83, 85, 88, 103, 106, 107, 114, 119, 124, 129, 134, 136, 137, 141, 142, 145, 146, 147, 148, 149, 152, 153, 154, 163, 164, 165, 166, 172, 173, 174, 178, 179, 181]
Number of Edges Removed: 224
Feedback Edge Set: [(32, 40), (32, 41), (32, 33), (0, 8), (0, 9), (0, 1), (0, 32), (1, 8), (1, 9), (1, 5), (1, 49), (33, 40), (33, 41), (33, 37), (34, 42), (34, 43), (34, 38), (34, 33), (2, 10), (2, 11), (2, 6), (2, 34), (2, 50), (2, 1), (2, 3), (35, 3), (35, 42), (3, 10), (3, 51), (4, 36), (4, 13), (4, 44), (36, 44), (36, 45), (37, 44), (37, 45), (5, 12), (5, 37), (38, 46), (38, 47), (38, 36), (38, 39), (6, 15), (6, 4), (6, 7), (39, 46), (39, 47), (39, 37), (7, 14), (7, 5), (40, 41), (8, 9), (8, 40), (9, 13), (9, 45), (9, 57), (41, 13), (41, 45), (10, 14), (10, 11), (10, 27), (10, 58), (42, 46), (42, 43), (42, 10), (43, 47), (43, 35), (11, 15), (11, 43), (11, 59), (11, 3), (12, 44), (44, 45), (44, 46), (13, 5), (14, 46), (14, 12), (14, 15), (14, 31), (14, 6), (46, 63), (15, 47), (15, 13), (48, 57), (48, 52), (48, 50), (48, 49), (16, 25), (16, 20), (16, 18), (16, 17), (16, 32), (16, 48), (16, 19), (49, 56), (49, 57), (49, 21), (49, 53), (49, 51), (49, 33), (49, 41), (17, 24), (17, 25), (17, 21), (17, 53), (17, 19), (17, 33), (17, 49), (17, 1), (17, 9), (50, 59), (50, 49), (50, 34), (50, 42), (18, 27), (18, 34), (18, 50), (18, 2), (18, 10), (51, 58), (51, 59), (51, 55), (51, 35), (19, 26), (19, 27), (19, 23), (19, 35), (19, 51), (19, 3), (52, 60), (52, 61), (52, 54), (52, 53), (20, 28), (20, 29), (20, 21), (20, 4), (20, 6), (21, 53), (21, 28), (21, 29), (21, 5), (21, 7), (53, 60), (53, 61), (53, 55), (22, 54), (22, 30), (22, 31), (22, 4), (22, 6), (22, 23), (54, 62), (54, 63), (54, 55), (23, 55), (23, 30), (23, 31), (23, 5), (23, 7), (23, 63), (23, 21), (55, 62), (55, 63), (24, 56), (24, 26), (24, 25), (24, 40), (24, 27), (56, 58), (56, 57), (56, 59), (57, 61), (57, 59), (57, 33), (57, 41), (25, 29), (25, 27), (25, 41), (25, 57), (25, 1), (25, 9), (58, 30), (58, 62), (58, 43), (58, 59), (58, 34), (58, 42), (26, 30), (26, 62), (26, 11), (26, 27), (26, 42), (26, 58), (26, 2), (26, 10), (27, 31), (27, 63), (27, 43), (27, 11), (59, 31), (59, 63), (59, 27), (59, 43), (60, 62), (60, 61), (28, 30), (28, 12), (28, 14), (28, 60), (61, 63), (29, 31), (29, 13), (29, 15), (29, 61), (62, 47), (62, 63), (30, 15), (30, 31), (30, 12), (30, 14), (30, 62), (31, 13), (31, 15)]
----------- STATS -----------
Algorithm used: Algorithm.PREFS
Runtime: 1.1898136138916016seconds
Number of Iterations: 3
Number of Rows in Final Cycle Matrix: 352
History of Number of Rows in the Cycle Matrix: [320, 336, 352]
Number of Constraints in Final Iteration: 1210
History of Constraint Nums: [1178, 1194, 1210]
Number of Prefs Removed (size of minFBPS): 49
Minimum Feedback Pref Set: [0, 3, 4, 14, 17, 18, 21, 24, 26, 27, 33, 51, 52, 53, 54, 55, 56, 57, 59, 63, 64, 65, 67, 68, 69, 70, 72, 74, 75, 76, 77, 80, 85, 104, 107, 124, 129, 131, 147, 148, 149, 152, 153, 154, 162, 175, 178, 180, 181]
Number of Edges Removed: 307
Feedback Edge Set: [(32, 0), (32, 40), (32, 41), (0, 8), (0, 9), (0, 1), (1, 8), (1, 9), (1, 49), (1, 2), (33, 40), (33, 41), (33, 32), (33, 34), (34, 42), (34, 43), (2, 10), (2, 11), (2, 34), (2, 50), (35, 3), (35, 42), (35, 43), (35, 34), (35, 11), (3, 10), (3, 11), (3, 2), (3, 51), (3, 43), (4, 36), (4, 13), (4, 14), (4, 1), (4, 6), (36, 45), (36, 33), (36, 38), (36, 39), (37, 44), (37, 45), (37, 13), (37, 32), (37, 33), (37, 38), (37, 39), (5, 12), (5, 13), (5, 15), (5, 0), (5, 1), (5, 7), (5, 37), (38, 46), (38, 47), (38, 14), (38, 34), (38, 35), (6, 14), (6, 15), (6, 12), (6, 2), (6, 3), (6, 7), (39, 46), (39, 38), (39, 15), (39, 34), (7, 14), (7, 13), (7, 2), (40, 41), (8, 9), (8, 40), (9, 57), (9, 10), (41, 40), (41, 42), (10, 11), (10, 27), (10, 58), (42, 43), (42, 10), (43, 40), (11, 43), (11, 59), (11, 8), (12, 9), (12, 14), (12, 15), (44, 45), (44, 4), (44, 12), (44, 36), (44, 38), (44, 37), (44, 39), (44, 41), (44, 46), (45, 5), (45, 36), (45, 38), (45, 39), (45, 40), (45, 41), (13, 8), (13, 9), (13, 14), (13, 15), (14, 46), (14, 15), (14, 31), (14, 10), (14, 11), (46, 63), (46, 6), (46, 36), (46, 37), (46, 39), (46, 42), (46, 43), (15, 10), (15, 11), (47, 7), (47, 15), (47, 36), (47, 38), (47, 37), (47, 39), (47, 42), (47, 43), (48, 57), (48, 50), (48, 49), (16, 25), (16, 18), (16, 17), (16, 32), (16, 48), (16, 19), (49, 17), (49, 56), (49, 57), (49, 51), (49, 33), (49, 41), (49, 50), (17, 24), (17, 25), (17, 19), (17, 33), (17, 18), (17, 1), (17, 9), (50, 18), (50, 59), (50, 34), (50, 42), (18, 27), (18, 34), (18, 2), (18, 10), (51, 58), (51, 59), (51, 35), (19, 26), (19, 27), (19, 35), (19, 51), (19, 3), (19, 16), (52, 60), (52, 61), (52, 54), (52, 53), (52, 28), (52, 48), (52, 49), (20, 28), (20, 29), (20, 22), (20, 21), (20, 4), (20, 6), (20, 16), (20, 17), (21, 53), (21, 28), (21, 23), (21, 5), (21, 7), (21, 16), (21, 17), (53, 60), (53, 55), (53, 29), (53, 48), (53, 49), (22, 31), (22, 4), (22, 6), (22, 19), (22, 23), (54, 63), (54, 22), (54, 30), (54, 51), (23, 30), (23, 5), (23, 7), (23, 18), (23, 19), (55, 62), (55, 54), (55, 23), (55, 50), (55, 51), (24, 56), (24, 26), (24, 25), (24, 40), (24, 27), (56, 58), (56, 57), (56, 59), (57, 59), (57, 58), (57, 33), (57, 41), (25, 27), (25, 41), (25, 57), (25, 26), (25, 1), (25, 9), (58, 26), (58, 43), (58, 59), (58, 34), (58, 42), (26, 11), (26, 27), (26, 42), (26, 2), (26, 10), (27, 59), (27, 43), (27, 11), (27, 24), (59, 43), (59, 56), (60, 62), (60, 61), (60, 20), (60, 54), (60, 53), (60, 55), (60, 57), (28, 30), (28, 12), (28, 14), (28, 25), (28, 60), (61, 63), (61, 21), (61, 52), (61, 54), (61, 53), (61, 55), (61, 56), (61, 57), (29, 31), (29, 13), (29, 15), (29, 21), (29, 24), (29, 25), (29, 61), (62, 47), (62, 63), (62, 22), (62, 52), (62, 54), (62, 53), (62, 55), (62, 58), (62, 59), (30, 15), (30, 31), (30, 12), (30, 14), (30, 22), (30, 26), (30, 27), (30, 62), (63, 23), (63, 52), (63, 54), (63, 53), (63, 55), (63, 58), (63, 59), (31, 13), (31, 15), (31, 23), (31, 26), (31, 27)]
