----------- GRAPH -----------
Number of Preferences: 184
Number of Outcomes: 64
Number of Edges: 637
----------- STATS -----------
Algorithm used: Algorithm.MFAS
Runtime: 3.3848297595977783seconds
Number of Iterations: 8
Number of Rows in Final Cycle Matrix: 1031
History of Number of Rows in the Cycle Matrix: [358, 556, 741, 883, 912, 997, 1022, 1031]
Number of Constraints in Final Iteration: 1031
History of Constraint Nums: [358, 556, 741, 883, 912, 997, 1022, 1031]
Number of Edges Removed: 199
Feedback Edge Set: [(32, 40), (32, 33), (0, 4), (0, 32), (0, 40), (0, 1), (33, 1), (2, 34), (2, 10), (2, 6), (2, 0), (34, 32), (35, 3), (35, 51), (35, 43), (35, 7), (35, 39), (35, 33), (35, 41), (35, 11), (3, 11), (3, 1), (3, 9), (4, 5), (36, 48), (36, 32), (36, 4), (36, 37), (37, 5), (37, 49), (37, 33), (37, 13), (5, 17), (5, 21), (5, 13), (5, 1), (38, 6), (38, 54), (38, 46), (38, 2), (38, 34), (38, 39), (6, 7), (6, 46), (39, 7), (39, 5), (39, 37), (39, 15), (7, 19), (7, 15), (7, 5), (7, 3), (8, 40), (8, 24), (8, 12), (40, 56), (40, 41), (9, 25), (9, 1), (10, 8), (10, 43), (10, 11), (42, 46), (42, 10), (42, 58), (42, 34), (42, 40), (43, 11), (43, 33), (43, 41), (43, 40), (11, 31), (11, 1), (11, 9), (12, 44), (12, 13), (44, 40), (44, 45), (44, 41), (13, 29), (45, 29), (45, 37), (45, 9), (45, 13), (14, 30), (14, 15), (14, 46), (14, 47), (14, 10), (47, 15), (47, 46), (47, 13), (47, 45), (47, 43), (15, 31), (15, 13), (48, 56), (48, 49), (16, 20), (16, 4), (16, 48), (16, 56), (17, 1), (49, 17), (49, 33), (50, 58), (50, 2), (50, 34), (50, 38), (50, 54), (50, 48), (18, 26), (18, 6), (18, 22), (18, 16), (18, 34), (18, 50), (18, 58), (18, 19), (18, 23), (51, 19), (51, 39), (51, 49), (51, 57), (51, 27), (19, 27), (19, 17), (19, 25), (52, 20), (52, 53), (20, 21), (21, 29), (21, 17), (53, 49), (53, 29), (22, 23), (22, 54), (22, 62), (22, 19), (23, 31), (23, 21), (55, 54), (55, 39), (55, 21), (55, 53), (55, 31), (24, 25), (24, 29), (25, 17), (57, 56), (57, 25), (26, 58), (26, 10), (26, 30), (26, 24), (26, 59), (26, 11), (26, 15), (26, 27), (26, 31), (58, 56), (27, 31), (27, 17), (27, 25), (27, 11), (59, 58), (59, 43), (59, 51), (59, 49), (59, 57), (59, 56), (60, 56), (60, 61), (60, 57), (28, 24), (28, 12), (28, 29), (28, 25), (61, 29), (61, 45), (61, 53), (61, 25), (61, 57), (30, 62), (30, 31), (30, 63), (30, 10), (30, 11), (30, 15), (30, 27), (62, 46), (62, 58), (62, 54), (63, 31), (63, 59), (63, 62), (63, 29), (63, 61), (31, 29)]
----------- STATS -----------
Algorithm used: Algorithm.EDGES
Runtime: 2.1616227626800537seconds
Number of Iterations: 3
Number of Rows in Final Cycle Matrix: 407
History of Number of Rows in the Cycle Matrix: [358, 400, 407]
Number of Constraints in Final Iteration: 3780
History of Constraint Nums: [3731, 3773, 3780]
Number of Prefs Removed (size of minFBPS): 90
Minimum Feedback Pref Set: [3, 4, 6, 7, 11, 12, 15, 17, 18, 19, 22, 25, 31, 32, 33, 34, 35, 41, 42, 43, 45, 50, 51, 53, 55, 56, 59, 61, 64, 65, 77, 79, 81, 82, 84, 86, 91, 93, 94, 96, 100, 101, 102, 104, 106, 107, 109, 110, 112, 113, 116, 117, 119, 121, 122, 124, 125, 126, 127, 128, 129, 132, 133, 135, 136, 138, 139, 141, 143, 144, 145, 149, 151, 152, 154, 155, 157, 158, 161, 164, 168, 171, 173, 174, 175, 176, 178, 180, 182, 183]
Number of Edges Removed: 227
Feedback Edge Set: [(32, 33), (0, 32), (0, 1), (1, 17), (1, 33), (2, 0), (34, 50), (34, 2), (34, 18), (34, 32), (35, 3), (35, 51), (35, 33), (35, 41), (3, 1), (3, 9), (4, 36), (4, 16), (4, 0), (4, 32), (4, 5), (36, 48), (36, 0), (36, 32), (36, 37), (37, 49), (37, 33), (5, 17), (5, 21), (5, 1), (5, 37), (38, 6), (38, 50), (38, 54), (38, 2), (38, 34), (38, 39), (6, 18), (6, 2), (6, 34), (6, 7), (39, 7), (39, 51), (39, 55), (39, 5), (39, 37), (39, 35), (7, 19), (7, 5), (7, 37), (7, 3), (40, 0), (40, 8), (40, 32), (40, 48), (40, 12), (40, 57), (40, 41), (40, 45), (41, 56), (9, 1), (10, 26), (10, 2), (10, 8), (10, 43), (10, 11), (42, 10), (42, 26), (42, 58), (42, 34), (42, 50), (42, 40), (43, 11), (43, 35), (43, 33), (43, 41), (11, 3), (11, 19), (11, 1), (11, 9), (12, 44), (12, 8), (12, 13), (44, 40), (44, 45), (44, 8), (44, 61), (44, 41), (13, 37), (13, 5), (13, 21), (45, 37), (45, 9), (45, 13), (45, 60), (46, 6), (46, 38), (46, 54), (46, 47), (46, 62), (46, 42), (14, 30), (14, 15), (14, 46), (14, 47), (14, 10), (47, 15), (47, 13), (47, 45), (47, 43), (15, 7), (15, 23), (15, 13), (15, 45), (48, 49), (16, 48), (17, 49), (49, 33), (50, 18), (50, 2), (50, 48), (18, 16), (18, 19), (18, 23), (51, 19), (51, 49), (51, 57), (19, 17), (19, 25), (52, 53), (20, 21), (20, 52), (20, 16), (21, 17), (53, 49), (54, 22), (54, 18), (54, 50), (54, 55), (22, 18), (22, 50), (22, 23), (22, 19), (23, 21), (23, 53), (55, 21), (55, 53), (56, 16), (56, 40), (56, 32), (56, 48), (56, 28), (56, 57), (56, 61), (24, 8), (24, 25), (24, 29), (25, 57), (25, 17), (25, 9), (26, 18), (26, 24), (26, 59), (26, 11), (26, 15), (26, 27), (26, 31), (58, 10), (58, 26), (58, 34), (58, 50), (58, 56), (58, 59), (27, 3), (27, 19), (27, 17), (27, 25), (27, 10), (27, 14), (27, 11), (59, 43), (59, 51), (59, 49), (59, 57), (60, 56), (60, 61), (60, 24), (60, 57), (28, 24), (28, 12), (28, 29), (28, 25), (61, 45), (61, 53), (61, 25), (61, 57), (29, 53), (29, 61), (29, 5), (29, 21), (29, 13), (30, 26), (30, 31), (30, 63), (30, 10), (30, 11), (30, 15), (30, 27), (62, 58), (62, 22), (62, 30), (62, 38), (62, 54), (62, 63), (63, 31), (63, 59), (63, 29), (63, 61), (31, 27), (31, 7), (31, 23), (31, 29), (31, 61), (31, 10), (31, 14), (31, 11), (31, 15)]
----------- STATS -----------
Algorithm used: Algorithm.PREFS
Runtime: 1.606919288635254seconds
Number of Iterations: 3
Number of Rows in Final Cycle Matrix: 438
History of Number of Rows in the Cycle Matrix: [358, 422, 438]
Number of Constraints in Final Iteration: 1350
History of Constraint Nums: [1270, 1334, 1350]
Number of Prefs Removed (size of minFBPS): 53
Minimum Feedback Pref Set: [4, 8, 12, 23, 30, 34, 38, 40, 44, 47, 49, 53, 56, 58, 60, 61, 62, 64, 66, 68, 72, 79, 84, 90, 91, 94, 96, 97, 107, 108, 110, 115, 116, 117, 119, 120, 121, 122, 123, 124, 125, 128, 129, 131, 134, 137, 153, 158, 160, 164, 165, 169, 174]
Number of Edges Removed: 318
Feedback Edge Set: [(32, 40), (32, 36), (0, 4), (0, 32), (0, 40), (33, 41), (33, 0), (33, 32), (33, 57), (33, 37), (33, 34), (33, 9), (1, 9), (1, 0), (1, 32), (1, 5), (1, 2), (1, 33), (1, 41), (2, 10), (2, 6), (2, 0), (2, 50), (2, 42), (34, 50), (34, 54), (34, 42), (34, 2), (34, 18), (34, 38), (34, 32), (34, 10), (35, 43), (35, 7), (35, 39), (35, 2), (35, 33), (35, 41), (35, 32), (35, 11), (3, 11), (3, 7), (3, 39), (3, 2), (3, 34), (3, 35), (3, 51), (3, 1), (3, 9), (3, 0), (3, 43), (3, 6), (4, 36), (4, 44), (36, 12), (37, 45), (37, 4), (37, 36), (37, 13), (5, 13), (5, 4), (5, 36), (5, 37), (5, 45), (38, 50), (38, 54), (38, 46), (38, 39), (6, 7), (6, 38), (6, 54), (6, 46), (39, 6), (39, 5), (39, 37), (39, 15), (7, 15), (7, 6), (7, 38), (7, 39), (7, 5), (7, 37), (7, 55), (7, 47), (7, 2), (8, 40), (8, 12), (8, 28), (40, 32), (40, 48), (40, 44), (40, 60), (40, 12), (41, 8), (41, 40), (41, 61), (41, 42), (9, 40), (9, 29), (9, 10), (10, 14), (10, 30), (10, 8), (10, 43), (42, 46), (42, 10), (42, 26), (42, 62), (42, 40), (43, 10), (43, 35), (43, 63), (43, 33), (43, 41), (43, 40), (11, 10), (11, 42), (11, 43), (11, 59), (11, 31), (11, 1), (11, 9), (11, 8), (12, 44), (12, 13), (44, 8), (13, 44), (13, 37), (45, 12), (45, 44), (45, 9), (45, 13), (46, 47), (14, 46), (14, 47), (47, 14), (47, 13), (47, 45), (47, 43), (15, 14), (15, 46), (15, 47), (15, 13), (15, 45), (48, 56), (48, 20), (48, 36), (16, 20), (16, 52), (16, 4), (16, 48), (16, 56), (17, 25), (17, 48), (17, 1), (17, 5), (17, 21), (17, 18), (17, 57), (49, 57), (49, 16), (49, 48), (49, 17), (49, 33), (49, 41), (49, 37), (49, 53), (49, 50), (49, 25), (50, 58), (50, 2), (50, 38), (50, 54), (50, 48), (50, 26), (18, 26), (18, 6), (18, 22), (18, 16), (18, 34), (18, 50), (18, 58), (51, 59), (51, 18), (51, 39), (51, 49), (51, 57), (51, 48), (51, 35), (51, 27), (19, 27), (19, 18), (19, 50), (19, 35), (19, 51), (19, 7), (19, 17), (19, 25), (19, 16), (19, 59), (52, 28), (20, 21), (20, 52), (20, 60), (21, 29), (21, 52), (21, 61), (21, 5), (53, 61), (53, 20), (53, 52), (53, 29), (54, 62), (54, 55), (22, 38), (22, 54), (22, 62), (23, 55), (23, 31), (23, 22), (23, 54), (23, 21), (23, 53), (23, 39), (23, 63), (55, 22), (55, 39), (55, 21), (55, 53), (55, 31), (56, 40), (56, 32), (56, 48), (56, 44), (56, 28), (24, 12), (24, 8), (24, 25), (24, 29), (25, 24), (25, 56), (25, 13), (25, 26), (25, 9), (57, 24), (57, 56), (57, 25), (57, 45), (57, 58), (26, 10), (26, 14), (26, 30), (26, 24), (26, 59), (26, 11), (26, 15), (58, 42), (58, 10), (58, 26), (58, 46), (58, 62), (58, 56), (27, 26), (27, 58), (27, 43), (27, 15), (27, 17), (27, 25), (27, 24), (27, 10), (27, 14), (27, 11), (59, 26), (59, 58), (59, 43), (59, 51), (59, 47), (59, 49), (59, 57), (59, 56), (60, 56), (60, 24), (28, 24), (28, 12), (28, 29), (28, 25), (61, 28), (61, 60), (61, 45), (61, 25), (61, 57), (29, 28), (29, 60), (29, 53), (29, 61), (29, 13), (30, 62), (30, 14), (30, 63), (30, 10), (30, 11), (30, 15), (62, 46), (63, 59), (63, 30), (63, 62), (63, 29), (63, 61), (31, 27), (31, 30), (31, 62), (31, 63), (31, 29), (31, 61), (31, 10), (31, 14), (31, 11), (31, 15)]
