----------- GRAPH -----------
Number of Preferences: 189
Number of Outcomes: 64
Number of Edges: 529
----------- STATS -----------
Algorithm used: Algorithm.MFAS
Runtime: 2.196749687194824seconds
Number of Iterations: 10
Number of Rows in Final Cycle Matrix: 769
History of Number of Rows in the Cycle Matrix: [262, 423, 569, 637, 657, 686, 706, 715, 746, 769]
Number of Constraints in Final Iteration: 769
History of Constraint Nums: [262, 423, 569, 637, 657, 686, 706, 715, 746, 769]
Number of Edges Removed: 184
Feedback Edge Set: [(0, 36), (0, 16), (0, 8), (0, 2), (32, 48), (32, 40), (32, 34), (32, 0), (36, 52), (36, 44), (36, 38), (4, 36), (4, 20), (4, 12), (4, 6), (4, 5), (4, 0), (4, 22), (33, 1), (33, 49), (33, 37), (33, 35), (33, 0), (33, 32), (33, 41), (1, 17), (1, 0), (1, 37), (1, 19), (1, 9), (37, 53), (37, 36), (37, 45), (5, 21), (5, 7), (5, 37), (5, 23), (5, 13), (38, 34), (6, 22), (6, 2), (35, 7), (35, 51), (35, 43), (35, 2), (35, 34), (35, 39), (3, 19), (3, 11), (3, 1), (3, 2), (3, 34), (3, 35), (3, 39), (3, 17), (7, 23), (7, 15), (7, 6), (39, 7), (39, 55), (39, 47), (39, 37), (39, 38), (40, 8), (40, 56), (40, 42), (40, 41), (40, 44), (8, 10), (44, 60), (9, 25), (9, 13), (9, 8), (9, 24), (45, 13), (45, 61), (45, 47), (10, 2), (42, 58), (42, 34), (42, 46), (42, 10), (14, 46), (14, 6), (14, 10), (14, 47), (46, 38), (11, 47), (11, 27), (11, 10), (11, 42), (11, 26), (11, 9), (43, 59), (43, 47), (43, 11), (43, 10), (43, 42), (43, 41), (47, 63), (47, 46), (15, 47), (15, 14), (15, 46), (48, 16), (48, 52), (48, 56), (16, 24), (52, 60), (20, 52), (20, 28), (20, 22), (20, 16), (17, 25), (17, 19), (49, 57), (49, 51), (53, 52), (53, 61), (53, 55), (21, 49), (21, 17), (21, 20), (21, 29), (21, 23), (50, 18), (50, 48), (50, 51), (50, 34), (50, 58), (50, 19), (18, 22), (18, 16), (18, 19), (18, 2), (18, 26), (18, 51), (54, 22), (54, 52), (54, 55), (54, 38), (54, 62), (54, 51), (51, 19), (51, 55), (23, 22), (56, 60), (56, 58), (24, 56), (24, 8), (24, 60), (28, 24), (28, 60), (28, 12), (28, 13), (28, 29), (60, 61), (57, 61), (57, 56), (57, 41), (25, 24), (25, 57), (25, 8), (25, 61), (25, 27), (29, 25), (29, 12), (29, 13), (58, 62), (26, 10), (62, 60), (62, 63), (62, 46), (30, 22), (30, 26), (30, 14), (30, 15), (59, 58), (27, 10), (31, 63), (31, 14), (31, 15), (31, 27), (63, 61)]
----------- STATS -----------
Algorithm used: Algorithm.EDGES
Runtime: 2.195648670196533seconds
Number of Iterations: 5
Number of Rows in Final Cycle Matrix: 313
History of Number of Rows in the Cycle Matrix: [262, 265, 291, 295, 313]
Number of Constraints in Final Iteration: 3158
History of Constraint Nums: [3107, 3110, 3136, 3140, 3158]
Number of Prefs Removed (size of minFBPS): 76
Minimum Feedback Pref Set: [0, 5, 9, 10, 12, 16, 17, 20, 25, 31, 34, 35, 37, 38, 39, 42, 53, 55, 57, 61, 68, 74, 77, 79, 82, 83, 88, 94, 97, 99, 100, 101, 105, 107, 108, 110, 111, 112, 113, 114, 115, 117, 119, 121, 126, 127, 128, 129, 131, 132, 133, 137, 138, 140, 141, 142, 143, 145, 146, 148, 149, 150, 151, 152, 157, 158, 159, 162, 175, 177, 179, 180, 183, 185, 187, 188]
Number of Edges Removed: 217
Feedback Edge Set: [(0, 32), (0, 36), (0, 16), (0, 8), (0, 4), (0, 2), (0, 18), (32, 48), (32, 40), (32, 34), (36, 52), (36, 44), (36, 38), (4, 36), (4, 20), (4, 12), (4, 6), (4, 22), (33, 49), (33, 37), (33, 35), (33, 0), (33, 32), (33, 41), (1, 17), (1, 3), (1, 0), (1, 32), (1, 33), (1, 37), (1, 19), (1, 9), (37, 53), (37, 39), (37, 36), (37, 45), (5, 21), (5, 7), (5, 37), (5, 4), (5, 23), (5, 13), (2, 18), (2, 16), (2, 10), (2, 6), (34, 50), (34, 42), (38, 54), (38, 34), (38, 46), (6, 22), (6, 20), (6, 14), (35, 51), (35, 43), (35, 2), (35, 34), (35, 39), (3, 19), (3, 11), (3, 2), (3, 34), (3, 35), (3, 39), (3, 17), (7, 23), (7, 15), (7, 6), (7, 35), (7, 39), (7, 21), (39, 55), (39, 47), (39, 38), (40, 56), (40, 42), (40, 44), (8, 24), (8, 10), (8, 28), (8, 25), (8, 29), (44, 60), (12, 28), (12, 24), (12, 25), (12, 29), (41, 57), (41, 43), (41, 40), (9, 25), (9, 11), (9, 13), (9, 8), (9, 24), (9, 28), (9, 29), (45, 13), (45, 61), (45, 47), (13, 29), (13, 24), (13, 28), (13, 25), (10, 26), (10, 30), (10, 27), (10, 31), (42, 58), (42, 10), (14, 30), (14, 10), (14, 42), (14, 26), (14, 27), (14, 31), (46, 62), (46, 14), (46, 10), (46, 42), (11, 27), (11, 10), (11, 42), (11, 26), (11, 30), (11, 31), (43, 59), (43, 11), (43, 10), (43, 42), (47, 63), (47, 11), (47, 43), (47, 14), (47, 46), (47, 15), (15, 31), (15, 14), (15, 46), (15, 26), (15, 30), (15, 27), (48, 56), (48, 50), (16, 48), (16, 24), (16, 18), (16, 52), (52, 60), (52, 54), (52, 48), (20, 52), (20, 28), (20, 22), (20, 48), (20, 16), (20, 18), (17, 53), (17, 25), (17, 19), (49, 57), (49, 51), (49, 50), (53, 52), (53, 61), (53, 55), (53, 54), (21, 49), (21, 17), (21, 20), (21, 29), (21, 23), (50, 18), (50, 58), (50, 19), (18, 22), (18, 26), (18, 51), (18, 54), (54, 22), (54, 62), (22, 30), (22, 50), (22, 16), (19, 18), (51, 19), (51, 55), (51, 48), (51, 50), (55, 54), (55, 52), (23, 22), (56, 24), (56, 58), (28, 24), (60, 24), (60, 28), (60, 56), (60, 62), (57, 56), (25, 24), (25, 57), (25, 27), (61, 60), (61, 57), (61, 59), (61, 63), (29, 25), (29, 28), (62, 58), (30, 26), (59, 58), (31, 63), (31, 27), (63, 57), (63, 62)]
----------- STATS -----------
Algorithm used: Algorithm.PREFS
Runtime: 0.9726991653442383seconds
Number of Iterations: 3
Number of Rows in Final Cycle Matrix: 300
History of Number of Rows in the Cycle Matrix: [262, 298, 300]
Number of Constraints in Final Iteration: 1072
History of Constraint Nums: [1034, 1070, 1072]
Number of Prefs Removed (size of minFBPS): 57
Minimum Feedback Pref Set: [5, 8, 10, 17, 20, 22, 31, 40, 43, 45, 49, 52, 54, 57, 58, 59, 60, 61, 62, 63, 67, 68, 74, 77, 82, 87, 88, 91, 94, 95, 97, 98, 100, 101, 102, 103, 104, 106, 107, 108, 109, 114, 115, 117, 119, 120, 126, 127, 130, 132, 133, 137, 139, 142, 147, 181, 188]
Number of Edges Removed: 249
Feedback Edge Set: [(0, 8), (0, 1), (0, 5), (32, 40), (32, 34), (32, 33), (32, 0), (36, 44), (36, 38), (36, 37), (36, 4), (36, 0), (4, 12), (4, 5), (4, 0), (4, 1), (33, 35), (33, 41), (1, 33), (1, 37), (1, 9), (37, 39), (37, 1), (37, 33), (37, 45), (5, 37), (5, 33), (5, 13), (2, 3), (2, 35), (2, 0), (2, 32), (2, 10), (2, 6), (2, 7), (34, 38), (34, 3), (34, 35), (34, 0), (34, 42), (38, 7), (38, 39), (38, 4), (38, 46), (6, 7), (6, 39), (6, 4), (6, 36), (6, 14), (6, 3), (35, 43), (35, 1), (35, 39), (3, 11), (3, 1), (3, 33), (3, 35), (3, 39), (7, 15), (7, 5), (7, 37), (7, 35), (7, 39), (39, 47), (39, 5), (40, 42), (8, 10), (44, 40), (41, 43), (41, 40), (9, 11), (9, 13), (9, 8), (45, 13), (45, 47), (10, 43), (42, 11), (42, 10), (14, 10), (14, 47), (14, 42), (46, 15), (46, 14), (46, 10), (46, 42), (11, 10), (11, 42), (43, 11), (43, 10), (43, 42), (47, 11), (47, 43), (47, 14), (47, 46), (47, 15), (15, 14), (15, 46), (48, 16), (48, 52), (48, 32), (48, 33), (48, 56), (48, 53), (48, 50), (16, 0), (16, 1), (16, 24), (16, 21), (16, 18), (16, 52), (52, 20), (52, 36), (52, 37), (52, 60), (52, 21), (52, 53), (20, 4), (20, 5), (20, 28), (20, 21), (20, 53), (20, 48), (20, 16), (20, 18), (17, 0), (17, 1), (17, 25), (17, 20), (17, 21), (49, 32), (49, 33), (49, 57), (49, 52), (49, 51), (53, 36), (53, 37), (53, 61), (53, 55), (21, 4), (21, 5), (21, 29), (21, 23), (50, 18), (50, 51), (50, 34), (50, 35), (50, 58), (50, 19), (18, 19), (18, 2), (18, 3), (18, 26), (18, 51), (18, 54), (54, 22), (54, 52), (54, 55), (54, 38), (54, 39), (54, 62), (54, 51), (22, 20), (22, 23), (22, 6), (22, 7), (22, 30), (22, 18), (22, 19), (22, 50), (22, 16), (19, 17), (19, 2), (19, 3), (51, 19), (51, 34), (51, 35), (55, 51), (55, 38), (55, 39), (55, 50), (23, 6), (23, 7), (23, 18), (56, 40), (56, 41), (56, 60), (24, 56), (24, 8), (24, 9), (24, 28), (24, 60), (24, 30), (28, 60), (28, 12), (28, 13), (60, 44), (60, 45), (57, 17), (57, 49), (57, 61), (57, 56), (57, 40), (57, 41), (57, 29), (25, 17), (25, 49), (25, 24), (25, 57), (25, 8), (25, 9), (25, 29), (25, 61), (61, 21), (61, 53), (61, 60), (61, 44), (61, 45), (29, 21), (29, 53), (29, 28), (29, 12), (29, 13), (58, 56), (58, 42), (58, 43), (58, 62), (26, 10), (26, 11), (26, 28), (26, 30), (62, 60), (62, 46), (62, 47), (30, 14), (30, 15), (59, 42), (59, 43), (59, 58), (27, 31), (27, 25), (27, 10), (27, 11), (31, 63), (31, 14), (31, 15), (63, 61), (63, 46), (63, 47), (63, 62)]
