----------- GRAPH -----------
Number of Preferences: 472
Number of Outcomes: 512
Number of Edges: 4048
----------- STATS -----------
Algorithm used: Algorithm.MFAS
Runtime: 19963.9272441864seconds
Number of Iterations: 166
Number of Rows in Final Cycle Matrix: 28911
History of Number of Rows in the Cycle Matrix: [2095, 3003, 3922, 4853, 5695, 6434, 7174, 7754, 8375, 9102, 9617, 10121, 10602, 11235, 11719, 11995, 12481, 12807, 13281, 13637, 13938, 14165, 14473, 14793, 15050, 15310, 15616, 15976, 16197, 16610, 16890, 16959, 17090, 17350, 17427, 17521, 17599, 17668, 17839, 17984, 18116, 18269, 18379, 18748, 18878, 18980, 19133, 19193, 19401, 19753, 20146, 20369, 20440, 20677, 20822, 20958, 21084, 21141, 21297, 21398, 21423, 21473, 21688, 21781, 21797, 21957, 22154, 22280, 22306, 22344, 22490, 22649, 22678, 22694, 22707, 22810, 22827, 22932, 23027, 23075, 23115, 23277, 23407, 23448, 23464, 23502, 23681, 23835, 23878, 23880, 23952, 24000, 24001, 24089, 24227, 24274, 24375, 24533, 24578, 24672, 24724, 24775, 24779, 24877, 24924, 25350, 25447, 25478, 25573, 25618, 25772, 25864, 25902, 25946, 26095, 26108, 26137, 26172, 26197, 26322, 26455, 26537, 26569, 26608, 26656, 26670, 26684, 26705, 26711, 26749, 26755, 26776, 26839, 26845, 26923, 26948, 26968, 26998, 27128, 27255, 27387, 27442, 27661, 27778, 27790, 27802, 27807, 27834, 27836, 27837, 27893, 27916, 28074, 28131, 28166, 28266, 28666, 28712, 28714, 28727, 28735, 28776, 28879, 28887, 28893, 28911]
Number of Constraints in Final Iteration: 28911
History of Constraint Nums: [2095, 3003, 3922, 4853, 5695, 6434, 7174, 7754, 8375, 9102, 9617, 10121, 10602, 11235, 11719, 11995, 12481, 12807, 13281, 13637, 13938, 14165, 14473, 14793, 15050, 15310, 15616, 15976, 16197, 16610, 16890, 16959, 17090, 17350, 17427, 17521, 17599, 17668, 17839, 17984, 18116, 18269, 18379, 18748, 18878, 18980, 19133, 19193, 19401, 19753, 20146, 20369, 20440, 20677, 20822, 20958, 21084, 21141, 21297, 21398, 21423, 21473, 21688, 21781, 21797, 21957, 22154, 22280, 22306, 22344, 22490, 22649, 22678, 22694, 22707, 22810, 22827, 22932, 23027, 23075, 23115, 23277, 23407, 23448, 23464, 23502, 23681, 23835, 23878, 23880, 23952, 24000, 24001, 24089, 24227, 24274, 24375, 24533, 24578, 24672, 24724, 24775, 24779, 24877, 24924, 25350, 25447, 25478, 25573, 25618, 25772, 25864, 25902, 25946, 26095, 26108, 26137, 26172, 26197, 26322, 26455, 26537, 26569, 26608, 26656, 26670, 26684, 26705, 26711, 26749, 26755, 26776, 26839, 26845, 26923, 26948, 26968, 26998, 27128, 27255, 27387, 27442, 27661, 27778, 27790, 27802, 27807, 27834, 27836, 27837, 27893, 27916, 28074, 28131, 28166, 28266, 28666, 28712, 28714, 28727, 28735, 28776, 28879, 28887, 28893, 28911]
Number of Edges Removed: 1744
Feedback Edge Set: [(0, 256), (0, 64), (256, 320), (256, 288), (256, 260), (1, 257), (1, 65), (1, 33), (1, 3), (1, 5), (1, 0), (257, 321), (257, 289), (257, 261), (257, 256), (16, 80), (16, 24), (272, 336), (272, 274), (272, 16), (272, 280), (272, 276), (17, 273), (17, 81), (17, 49), (17, 19), (17, 145), (17, 1), (17, 25), (17, 21), (273, 337), (273, 305), (273, 257), (273, 281), (273, 277), (64, 320), (64, 96), (64, 72), (64, 68), (320, 352), (320, 328), (320, 324), (65, 321), (65, 97), (65, 81), (65, 67), (65, 73), (65, 69), (321, 353), (321, 329), (321, 325), (80, 336), (80, 208), (80, 88), (80, 84), (336, 464), (336, 344), (336, 340), (81, 337), (81, 113), (81, 83), (81, 209), (81, 89), (81, 85), (337, 369), (337, 321), (337, 345), (337, 341), (128, 192), (128, 160), (128, 144), (128, 129), (128, 132), (384, 448), (384, 416), (384, 400), (384, 385), (384, 128), (384, 392), (384, 388), (129, 385), (129, 193), (129, 161), (129, 145), (129, 131), (129, 133), (129, 137), (385, 449), (385, 417), (385, 401), (385, 387), (385, 393), (144, 16), (144, 208), (144, 176), (144, 152), (400, 464), (400, 432), (400, 144), (400, 408), (145, 401), (145, 209), (145, 177), (145, 147), (145, 149), (145, 153), (401, 465), (401, 433), (401, 403), (401, 409), (192, 224), (192, 208), (192, 193), (192, 200), (192, 64), (192, 196), (448, 480), (448, 464), (448, 192), (448, 456), (448, 320), (448, 452), (193, 225), (193, 209), (193, 201), (193, 197), (193, 65), (449, 481), (449, 465), (449, 451), (449, 193), (449, 457), (449, 453), (449, 321), (449, 448), (208, 240), (208, 216), (208, 212), (464, 496), (464, 466), (464, 208), (464, 472), (464, 468), (209, 465), (209, 241), (209, 211), (209, 217), (209, 213), (465, 497), (465, 473), (465, 469), (465, 337), (258, 2), (258, 290), (258, 386), (258, 322), (258, 262), (258, 274), (2, 66), (2, 34), (2, 10), (2, 6), (2, 18), (259, 3), (259, 291), (259, 387), (259, 275), (259, 263), (259, 258), (3, 67), (3, 35), (3, 11), (3, 19), (3, 7), (3, 2), (274, 18), (274, 278), (274, 282), (18, 82), (18, 26), (275, 307), (275, 339), (275, 279), (275, 283), (19, 83), (19, 51), (19, 27), (19, 275), (322, 66), (322, 354), (322, 450), (322, 330), (322, 326), (322, 338), (66, 98), (66, 74), (66, 70), (66, 82), (323, 67), (323, 355), (323, 451), (323, 331), (323, 339), (323, 327), (67, 99), (67, 71), (338, 466), (338, 346), (338, 342), (338, 336), (82, 90), (82, 86), (82, 338), (339, 371), (339, 347), (339, 343), (83, 115), (83, 67), (83, 91), (83, 87), (83, 339), (386, 130), (386, 387), (386, 450), (386, 402), (386, 394), (386, 390), (130, 2), (130, 194), (130, 131), (130, 146), (130, 138), (130, 134), (387, 131), (387, 403), (387, 395), (131, 3), (131, 195), (131, 147), (131, 139), (402, 146), (402, 466), (402, 410), (402, 400), (146, 154), (146, 150), (403, 147), (403, 435), (403, 411), (147, 211), (147, 155), (450, 194), (450, 466), (450, 454), (194, 66), (194, 195), (194, 210), (194, 198), (451, 195), (451, 467), (451, 455), (451, 450), (195, 67), (195, 211), (195, 193), (195, 199), (210, 466), (210, 82), (210, 146), (210, 218), (210, 214), (467, 465), (467, 339), (467, 471), (211, 467), (211, 83), (211, 215), (4, 36), (4, 0), (4, 20), (4, 12), (261, 293), (261, 277), (5, 37), (5, 13), (5, 21), (276, 260), (276, 284), (20, 52), (20, 16), (20, 22), (20, 276), (20, 148), (20, 84), (20, 28), (277, 309), (277, 341), (277, 285), (21, 53), (21, 23), (21, 277), (21, 149), (21, 85), (21, 29), (324, 325), (68, 196), (68, 69), (325, 357), (325, 453), (325, 333), (69, 101), (69, 77), (340, 276), (84, 86), (84, 340), (84, 212), (341, 85), (341, 469), (341, 373), (341, 325), (341, 349), (85, 117), (85, 213), (85, 69), (85, 93), (388, 132), (388, 260), (388, 420), (388, 390), (388, 452), (388, 396), (388, 389), (388, 404), (132, 164), (132, 196), (132, 140), (132, 133), (132, 148), (389, 261), (389, 421), (389, 385), (389, 391), (389, 397), (389, 405), (133, 165), (133, 135), (133, 389), (133, 141), (133, 149), (404, 148), (404, 436), (404, 400), (404, 405), (404, 412), (148, 180), (148, 144), (148, 150), (148, 156), (405, 437), (405, 401), (405, 407), (405, 469), (405, 413), (149, 181), (149, 151), (149, 213), (149, 157), (149, 405), (149, 148), (452, 196), (452, 324), (452, 484), (452, 468), (452, 454), (452, 453), (196, 228), (196, 212), (196, 204), (196, 197), (453, 455), (197, 229), (197, 213), (197, 199), (197, 453), (197, 205), (197, 69), (468, 500), (468, 469), (468, 340), (468, 476), (212, 244), (212, 214), (212, 213), (212, 220), (212, 468), (469, 213), (469, 501), (469, 471), (469, 453), (213, 245), (213, 215), (213, 221), (6, 70), (6, 38), (6, 14), (6, 22), (262, 326), (262, 294), (262, 390), (262, 6), (262, 278), (262, 260), (7, 71), (7, 39), (7, 15), (7, 23), (263, 391), (263, 7), (263, 279), (22, 278), (22, 86), (22, 18), (22, 30), (278, 286), (23, 279), (23, 87), (23, 55), (23, 19), (70, 326), (70, 198), (70, 71), (326, 454), (326, 334), (326, 324), (71, 199), (327, 343), (327, 455), (327, 263), (327, 335), (327, 71), (327, 326), (86, 342), (86, 214), (86, 70), (342, 470), (342, 278), (342, 326), (342, 350), (87, 343), (87, 215), (87, 119), (87, 71), (87, 95), (87, 85), (343, 471), (343, 375), (343, 279), (134, 198), (134, 150), (134, 142), (134, 135), (390, 454), (390, 406), (390, 398), (390, 391), (135, 199), (135, 131), (135, 151), (135, 143), (391, 455), (391, 387), (391, 407), (391, 399), (150, 214), (150, 158), (406, 470), (406, 402), (406, 407), (406, 414), (151, 215), (151, 147), (151, 159), (151, 150), (407, 471), (407, 403), (198, 214), (198, 199), (454, 470), (454, 462), (454, 455), (199, 215), (455, 463), (214, 246), (214, 215), (214, 222), (470, 466), (470, 471), (470, 478), (471, 503), (471, 479), (471, 455), (8, 264), (8, 12), (8, 10), (8, 9), (264, 266), (264, 265), (9, 265), (9, 25), (9, 13), (9, 137), (265, 281), (265, 269), (24, 280), (24, 28), (24, 26), (24, 25), (280, 284), (280, 282), (280, 281), (25, 29), (281, 285), (281, 25), (281, 345), (72, 328), (72, 76), (72, 74), (72, 200), (72, 8), (328, 330), (73, 329), (73, 201), (73, 9), (329, 457), (88, 344), (88, 92), (88, 90), (88, 89), (88, 24), (344, 472), (344, 280), (344, 348), (344, 346), (344, 345), (89, 345), (89, 217), (89, 93), (89, 73), (89, 25), (345, 473), (345, 349), (345, 329), (136, 392), (136, 8), (136, 200), (136, 152), (136, 128), (136, 140), (136, 138), (136, 137), (392, 264), (392, 408), (392, 396), (392, 394), (392, 393), (137, 393), (137, 201), (137, 153), (393, 265), (393, 409), (152, 408), (152, 156), (152, 154), (152, 153), (408, 412), (408, 410), (408, 409), (409, 411), (409, 153), (409, 473), (200, 232), (200, 202), (456, 328), (456, 392), (456, 488), (456, 472), (456, 460), (456, 458), (456, 200), (456, 457), (201, 457), (201, 233), (201, 200), (457, 489), (216, 472), (216, 220), (216, 218), (216, 152), (216, 200), (216, 217), (216, 88), (472, 476), (217, 473), (217, 201), (217, 153), (473, 472), (473, 457), (266, 10), (266, 330), (266, 282), (267, 11), (267, 271), (267, 283), (267, 266), (11, 15), (11, 27), (11, 10), (282, 26), (282, 410), (282, 314), (26, 10), (283, 27), (283, 282), (283, 411), (283, 281), (27, 26), (330, 74), (330, 458), (74, 10), (74, 90), (331, 75), (331, 459), (331, 347), (331, 335), (75, 203), (75, 91), (75, 67), (75, 79), (346, 90), (346, 474), (346, 330), (347, 91), (347, 283), (347, 346), (347, 475), (347, 345), (91, 219), (91, 27), (91, 90), (91, 123), (394, 138), (394, 458), (394, 410), (394, 395), (395, 399), (395, 411), (395, 393), (139, 143), (139, 138), (139, 155), (139, 137), (139, 395), (410, 154), (410, 414), (410, 474), (410, 411), (154, 138), (154, 158), (154, 218), (155, 159), (155, 154), (155, 411), (155, 153), (458, 202), (202, 138), (202, 74), (459, 203), (459, 458), (459, 457), (203, 207), (203, 202), (203, 201), (474, 218), (474, 466), (474, 478), (474, 475), (474, 472), (218, 222), (218, 219), (218, 90), (475, 219), (475, 479), (475, 473), (219, 223), (219, 217), (268, 332), (268, 284), (268, 264), (268, 269), (12, 76), (12, 140), (12, 28), (12, 268), (269, 333), (269, 285), (13, 12), (13, 141), (13, 29), (284, 28), (284, 348), (28, 92), (285, 349), (29, 285), (332, 328), (332, 333), (76, 204), (76, 332), (333, 329), (77, 76), (77, 205), (77, 13), (77, 73), (348, 92), (348, 476), (92, 220), (349, 477), (349, 333), (93, 349), (93, 77), (93, 29), (396, 140), (396, 460), (396, 428), (396, 398), (396, 397), (396, 412), (140, 204), (140, 141), (140, 156), (397, 461), (397, 413), (141, 205), (141, 397), (141, 157), (412, 476), (156, 220), (413, 477), (413, 412), (157, 159), (157, 156), (460, 204), (460, 332), (204, 205), (204, 200), (461, 205), (461, 333), (461, 460), (476, 460), (220, 204), (477, 479), (477, 476), (477, 461), (221, 223), (221, 220), (221, 205), (221, 93), (221, 157), (270, 398), (270, 334), (270, 302), (270, 271), (270, 286), (270, 268), (14, 78), (14, 270), (14, 142), (14, 46), (14, 15), (14, 30), (271, 15), (271, 399), (271, 287), (271, 269), (15, 143), (15, 31), (286, 30), (286, 414), (287, 31), (287, 279), (287, 415), (287, 351), (287, 285), (31, 95), (31, 23), (31, 159), (334, 78), (334, 462), (334, 350), (334, 332), (78, 206), (78, 110), (78, 94), (335, 79), (335, 334), (335, 463), (335, 351), (335, 333), (79, 71), (79, 78), (79, 207), (79, 15), (79, 95), (350, 94), (350, 478), (94, 30), (351, 95), (351, 343), (351, 479), (351, 349), (95, 223), (398, 142), (398, 399), (398, 462), (398, 430), (398, 414), (142, 143), (142, 158), (399, 143), (399, 397), (143, 207), (143, 159), (143, 141), (414, 158), (414, 478), (158, 30), (158, 222), (415, 159), (415, 399), (415, 407), (415, 414), (415, 411), (415, 413), (159, 158), (462, 206), (462, 463), (462, 460), (206, 207), (206, 222), (206, 142), (463, 207), (463, 459), (463, 461), (207, 205), (478, 222), (478, 462), (478, 479), (222, 94), (479, 223), (479, 463), (479, 511), (223, 207), (223, 222), (223, 159), (32, 288), (32, 96), (32, 33), (32, 0), (32, 48), (32, 40), (32, 36), (288, 352), (288, 292), (33, 97), (33, 49), (33, 37), (289, 353), (289, 305), (289, 293), (289, 288), (48, 112), (304, 368), (304, 288), (304, 48), (49, 57), (49, 53), (305, 309), (96, 352), (96, 104), (96, 100), (352, 480), (352, 360), (352, 356), (97, 113), (97, 105), (97, 101), (353, 481), (353, 369), (353, 361), (353, 357), (112, 368), (112, 96), (112, 240), (112, 120), (112, 116), (368, 496), (368, 352), (368, 370), (368, 376), (368, 372), (113, 121), (113, 49), (369, 305), (369, 373), (416, 480), (416, 160), (416, 420), (161, 417), (161, 160), (161, 177), (161, 165), (417, 481), (417, 416), (417, 433), (417, 421), (176, 48), (176, 240), (176, 160), (176, 180), (432, 496), (432, 416), (432, 176), (432, 436), (432, 440), (177, 433), (177, 49), (177, 179), (177, 176), (177, 185), (177, 181), (433, 497), (433, 435), (433, 432), (433, 437), (224, 480), (224, 160), (224, 240), (224, 232), (224, 96), (224, 228), (480, 496), (480, 488), (480, 484), (225, 481), (225, 224), (225, 161), (225, 233), (225, 229), (225, 97), (481, 480), (481, 497), (481, 489), (481, 485), (240, 248), (496, 240), (241, 497), (241, 113), (241, 225), (241, 243), (241, 240), (241, 177), (241, 249), (241, 245), (497, 496), (497, 369), (497, 501), (290, 354), (290, 294), (34, 42), (34, 38), (291, 35), (291, 290), (35, 39), (35, 33), (35, 34), (306, 370), (306, 304), (50, 54), (307, 371), (307, 311), (51, 115), (51, 307), (51, 55), (51, 49), (354, 362), (98, 34), (98, 114), (98, 106), (98, 102), (355, 99), (99, 103), (99, 97), (370, 354), (114, 242), (114, 50), (114, 118), (371, 355), (115, 99), (115, 371), (115, 119), (115, 113), (418, 162), (418, 290), (418, 434), (162, 34), (162, 178), (419, 163), (419, 291), (419, 435), (419, 418), (419, 417), (419, 423), (163, 35), (163, 179), (163, 162), (163, 161), (163, 167), (434, 178), (434, 498), (434, 432), (178, 242), (178, 179), (435, 179), (435, 434), (435, 499), (179, 243), (179, 147), (482, 226), (482, 354), (482, 418), (482, 450), (482, 498), (226, 98), (226, 162), (226, 230), (226, 194), (226, 242), (483, 227), (483, 355), (483, 482), (483, 481), (483, 451), (483, 499), (227, 99), (227, 226), (227, 225), (227, 195), (227, 243), (227, 231), (498, 242), (498, 499), (498, 370), (498, 466), (498, 496), (242, 246), (242, 210), (242, 250), (499, 497), (499, 371), (499, 467), (499, 503), (243, 242), (243, 499), (243, 115), (243, 211), (243, 247), (292, 36), (292, 294), (292, 420), (292, 293), (292, 260), (292, 300), (36, 37), (293, 421), (37, 101), (308, 304), (308, 372), (308, 292), (308, 276), (52, 48), (52, 308), (52, 116), (52, 36), (309, 53), (309, 373), (356, 100), (356, 372), (356, 484), (356, 357), (100, 228), (100, 116), (100, 101), (357, 293), (357, 485), (101, 229), (372, 116), (372, 500), (116, 244), (373, 501), (117, 53), (117, 113), (117, 373), (117, 245), (164, 160), (164, 420), (421, 420), (165, 421), (165, 164), (436, 180), (180, 52), (437, 181), (437, 439), (437, 436), (181, 53), (181, 183), (181, 180), (484, 228), (484, 500), (484, 485), (484, 492), (228, 244), (228, 229), (228, 236), (485, 501), (485, 453), (485, 493), (229, 485), (500, 496), (244, 240), (244, 246), (244, 500), (244, 245), (501, 503), (501, 500), (245, 247), (245, 501), (245, 229), (294, 302), (39, 38), (295, 359), (295, 291), (295, 294), (295, 263), (295, 311), (295, 39), (54, 310), (54, 38), (54, 118), (54, 22), (54, 52), (310, 374), (310, 294), (310, 306), (310, 278), (55, 39), (55, 119), (55, 53), (311, 55), (311, 279), (102, 230), (102, 38), (358, 354), (358, 486), (358, 374), (358, 366), (358, 359), (358, 294), (358, 356), (103, 231), (103, 102), (103, 71), (103, 119), (359, 355), (359, 487), (359, 327), (359, 375), (359, 367), (359, 103), (118, 246), (118, 102), (118, 116), (374, 370), (374, 118), (374, 382), (119, 247), (119, 117), (375, 503), (375, 371), (375, 119), (375, 383), (375, 311), (166, 162), (166, 230), (166, 174), (166, 182), (422, 294), (422, 486), (422, 418), (422, 430), (422, 420), (167, 175), (167, 165), (167, 135), (167, 183), (167, 166), (423, 295), (423, 487), (423, 421), (423, 391), (423, 439), (423, 422), (182, 178), (182, 246), (182, 183), (182, 180), (438, 502), (438, 422), (438, 434), (438, 439), (183, 179), (183, 247), (183, 151), (439, 503), (439, 435), (439, 407), (486, 482), (486, 494), (486, 484), (231, 229), (231, 239), (231, 230), (487, 483), (487, 495), (487, 485), (487, 486), (246, 247), (502, 498), (502, 503), (502, 374), (502, 470), (247, 215), (296, 40), (296, 288), (296, 300), (296, 264), (296, 312), (40, 104), (40, 8), (40, 56), (297, 301), (297, 265), (297, 313), (297, 296), (41, 105), (41, 297), (41, 9), (41, 57), (41, 40), (312, 314), (56, 120), (56, 312), (313, 57), (313, 305), (313, 312), (313, 281), (57, 121), (57, 56), (57, 25), (360, 104), (360, 362), (360, 488), (360, 328), (104, 106), (104, 232), (104, 72), (361, 105), (361, 297), (361, 365), (361, 489), (361, 329), (105, 233), (105, 73), (376, 312), (376, 360), (120, 376), (120, 104), (120, 121), (377, 121), (377, 313), (377, 369), (377, 381), (377, 376), (377, 345), (121, 89), (424, 168), (424, 296), (424, 416), (424, 428), (424, 426), (424, 425), (424, 392), (424, 440), (168, 40), (168, 232), (168, 160), (168, 172), (168, 170), (168, 169), (168, 136), (168, 184), (425, 297), (425, 417), (425, 393), (425, 441), (169, 41), (169, 233), (169, 161), (169, 137), (169, 185), (440, 184), (440, 408), (184, 248), (184, 176), (184, 186), (184, 152), (441, 433), (441, 443), (441, 409), (185, 249), (185, 189), (185, 187), (185, 153), (488, 232), (489, 488), (233, 232), (504, 248), (504, 496), (504, 472), (504, 376), (248, 216), (248, 120), (505, 497), (505, 509), (505, 507), (505, 473), (505, 377), (249, 253), (249, 251), (249, 217), (249, 121), (42, 106), (42, 10), (42, 40), (298, 266), (298, 290), (298, 42), (298, 362), (298, 314), (298, 302), (298, 296), (43, 35), (43, 42), (299, 43), (299, 298), (58, 314), (58, 122), (58, 26), (58, 42), (58, 50), (58, 59), (58, 56), (59, 315), (59, 43), (59, 51), (315, 299), (315, 307), (315, 314), (315, 313), (106, 362), (106, 74), (362, 330), (107, 363), (107, 99), (107, 43), (107, 111), (363, 355), (363, 367), (122, 250), (122, 90), (122, 114), (122, 123), (122, 126), (122, 120), (378, 314), (378, 346), (378, 370), (378, 122), (378, 506), (378, 379), (378, 382), (378, 376), (123, 115), (123, 59), (123, 127), (379, 315), (379, 347), (379, 371), (379, 123), (379, 507), (379, 383), (379, 377), (170, 234), (170, 138), (170, 162), (170, 171), (170, 174), (426, 394), (426, 418), (426, 427), (426, 490), (426, 430), (171, 427), (171, 235), (171, 139), (171, 163), (171, 169), (171, 175), (427, 395), (427, 419), (427, 425), (186, 250), (186, 154), (186, 178), (442, 314), (442, 410), (442, 434), (442, 506), (442, 440), (187, 155), (187, 179), (187, 191), (443, 315), (443, 411), (443, 435), (443, 507), (443, 187), (443, 447), (234, 202), (234, 250), (234, 226), (234, 235), (234, 238), (234, 106), (234, 232), (490, 458), (490, 506), (490, 482), (490, 494), (490, 362), (490, 488), (235, 203), (235, 251), (235, 227), (235, 233), (235, 107), (235, 239), (491, 459), (491, 507), (491, 483), (491, 489), (491, 235), (491, 363), (491, 495), (491, 490), (250, 218), (250, 248), (506, 474), (506, 498), (506, 504), (251, 219), (251, 243), (251, 123), (251, 187), (251, 255), (507, 475), (507, 499), (507, 251), (507, 511), (44, 300), (44, 36), (44, 172), (44, 40), (44, 12), (44, 60), (300, 364), (300, 302), (300, 268), (300, 316), (45, 301), (45, 37), (45, 173), (45, 109), (45, 13), (45, 61), (45, 41), (301, 365), (301, 269), (60, 316), (60, 52), (60, 124), (60, 28), (316, 380), (316, 284), (61, 317), (61, 53), (61, 125), (61, 29), (61, 57), (317, 381), (317, 301), (317, 309), (317, 319), (317, 285), (317, 313), (108, 236), (108, 104), (108, 124), (364, 492), (364, 366), (364, 108), (364, 360), (364, 380), (109, 365), (109, 237), (109, 77), (109, 125), (109, 105), (109, 108), (365, 493), (365, 367), (365, 333), (365, 381), (365, 364), (124, 380), (124, 252), (380, 508), (125, 253), (125, 93), (125, 121), (381, 509), (381, 383), (381, 349), (381, 125), (172, 428), (172, 164), (172, 173), (172, 140), (172, 188), (428, 492), (428, 420), (428, 430), (428, 429), (428, 444), (173, 429), (173, 165), (173, 141), (173, 189), (429, 493), (429, 421), (429, 397), (429, 445), (188, 444), (188, 180), (188, 156), (444, 508), (444, 436), (444, 412), (189, 181), (189, 191), (189, 157), (189, 188), (445, 509), (445, 437), (445, 447), (445, 413), (445, 441), (445, 444), (236, 492), (236, 237), (236, 204), (236, 252), (236, 232), (492, 494), (492, 460), (492, 488), (237, 493), (237, 229), (237, 239), (237, 205), (237, 253), (493, 495), (493, 461), (493, 492), (252, 508), (252, 244), (252, 253), (252, 220), (508, 492), (508, 500), (508, 509), (508, 476), (253, 245), (253, 255), (253, 221), (509, 493), (509, 501), (509, 511), (509, 477), (46, 302), (46, 110), (46, 38), (46, 42), (46, 174), (46, 62), (302, 366), (302, 430), (302, 318), (47, 303), (47, 111), (47, 39), (47, 43), (47, 175), (47, 63), (303, 367), (303, 299), (303, 319), (303, 301), (62, 318), (62, 126), (62, 30), (62, 54), (62, 58), (62, 190), (318, 382), (318, 286), (318, 314), (63, 319), (63, 127), (63, 55), (63, 59), (63, 191), (319, 383), (319, 311), (319, 315), (319, 447), (110, 106), (366, 334), (366, 362), (366, 367), (366, 494), (366, 110), (111, 367), (111, 239), (111, 110), (367, 495), (126, 382), (126, 94), (382, 350), (127, 383), (127, 255), (383, 511), (174, 430), (174, 142), (174, 175), (430, 494), (175, 239), (175, 143), (175, 173), (175, 191), (431, 303), (431, 495), (431, 399), (431, 423), (431, 427), (431, 429), (431, 447), (431, 430), (190, 158), (190, 174), (190, 182), (190, 186), (190, 191), (446, 318), (446, 510), (446, 414), (446, 430), (446, 438), (446, 442), (446, 447), (446, 190), (191, 255), (191, 159), (191, 183), (447, 511), (447, 415), (447, 439), (238, 494), (238, 110), (238, 206), (238, 254), (238, 230), (238, 239), (238, 174), (494, 462), (494, 495), (239, 207), (239, 255), (495, 463), (254, 510), (254, 126), (254, 222), (254, 246), (254, 250), (254, 255), (254, 190), (510, 382), (510, 478), (510, 502), (510, 506), (510, 511), (510, 494), (255, 223), (255, 247), (511, 503), (511, 495)]
----------- STATS -----------
Algorithm used: Algorithm.EDGES
Runtime: 72.89817905426025seconds
Number of Iterations: 1
Number of Rows in Final Cycle Matrix: 2095
History of Number of Rows in the Cycle Matrix: [2095]
Number of Constraints in Final Iteration: 26879
History of Constraint Nums: [26879]
Number of Prefs Removed (size of minFBPS): 283
Minimum Feedback Pref Set: [0, 1, 2, 3, 4, 5, 8, 9, 10, 11, 12, 13, 14, 15, 16, 17, 18, 19, 20, 21, 22, 23, 24, 25, 26, 27, 28, 29, 30, 31, 32, 33, 34, 35, 36, 37, 38, 39, 40, 41, 42, 43, 44, 45, 46, 47, 48, 49, 51, 52, 53, 54, 55, 56, 58, 59, 60, 61, 63, 64, 67, 69, 70, 72, 75, 78, 79, 80, 81, 82, 83, 84, 85, 86, 87, 88, 89, 90, 91, 92, 93, 94, 95, 96, 97, 98, 99, 101, 102, 103, 104, 105, 106, 107, 108, 109, 110, 111, 112, 114, 115, 117, 118, 119, 121, 122, 124, 126, 128, 129, 132, 135, 140, 143, 144, 146, 147, 148, 149, 150, 154, 155, 158, 160, 161, 162, 163, 164, 165, 174, 175, 176, 177, 178, 180, 181, 184, 185, 188, 189, 190, 192, 193, 195, 196, 198, 200, 201, 203, 204, 205, 206, 207, 209, 212, 213, 217, 220, 221, 222, 227, 228, 229, 230, 231, 232, 233, 234, 235, 238, 239, 240, 241, 242, 243, 244, 245, 246, 247, 248, 249, 250, 251, 252, 256, 257, 258, 259, 261, 265, 267, 268, 270, 272, 273, 274, 275, 278, 279, 280, 281, 282, 283, 284, 285, 287, 288, 291, 292, 293, 294, 295, 298, 299, 301, 302, 303, 306, 308, 310, 314, 322, 324, 325, 326, 327, 328, 329, 330, 331, 340, 341, 344, 345, 351, 352, 353, 357, 359, 364, 366, 393, 394, 395, 398, 400, 402, 407, 408, 409, 410, 411, 412, 413, 414, 417, 419, 420, 421, 422, 425, 428, 433, 434, 435, 436, 442, 444, 446, 447, 448, 450, 452, 453, 455, 456, 461, 464, 465, 467, 468, 469, 471]
Number of Edges Removed: 1744
Feedback Edge Set: [(0, 64), (256, 320), (256, 0), (1, 65), (1, 33), (1, 0), (257, 321), (257, 289), (257, 1), (257, 256), (16, 80), (16, 24), (272, 336), (272, 16), (272, 280), (17, 81), (17, 49), (17, 1), (17, 25), (273, 337), (273, 305), (273, 17), (273, 257), (273, 281), (64, 192), (64, 72), (320, 448), (320, 64), (320, 328), (65, 193), (65, 97), (65, 73), (321, 449), (321, 353), (321, 65), (321, 329), (80, 208), (80, 88), (336, 464), (336, 80), (336, 344), (81, 113), (81, 209), (81, 65), (81, 89), (337, 465), (337, 369), (337, 81), (337, 321), (337, 345), (128, 192), (128, 144), (128, 136), (384, 448), (384, 400), (384, 128), (384, 392), (129, 193), (129, 145), (129, 137), (129, 128), (385, 449), (385, 401), (385, 129), (385, 393), (385, 384), (144, 16), (144, 208), (144, 152), (400, 464), (400, 144), (400, 408), (145, 17), (145, 209), (145, 177), (145, 153), (401, 465), (401, 433), (401, 145), (401, 409), (192, 224), (192, 200), (448, 480), (448, 192), (448, 456), (193, 225), (193, 201), (193, 192), (449, 481), (449, 193), (449, 457), (449, 448), (208, 240), (208, 192), (208, 216), (464, 496), (464, 208), (464, 448), (464, 472), (209, 241), (209, 193), (209, 217), (465, 497), (465, 209), (465, 449), (465, 473), (258, 2), (258, 322), (2, 66), (2, 10), (259, 3), (259, 291), (259, 258), (3, 67), (3, 35), (3, 11), (3, 1), (3, 2), (274, 18), (274, 258), (274, 282), (274, 272), (18, 82), (18, 2), (18, 26), (275, 19), (275, 307), (275, 259), (275, 339), (275, 283), (19, 83), (19, 51), (19, 3), (19, 27), (19, 17), (322, 66), (322, 450), (322, 330), (66, 194), (66, 74), (323, 67), (323, 355), (323, 451), (323, 331), (67, 99), (67, 195), (67, 75), (67, 65), (338, 82), (338, 466), (338, 322), (338, 346), (338, 336), (82, 210), (82, 66), (82, 90), (339, 83), (339, 467), (339, 371), (339, 323), (339, 347), (83, 211), (83, 115), (83, 67), (83, 91), (83, 81), (386, 130), (386, 258), (386, 450), (386, 402), (386, 394), (130, 2), (130, 194), (130, 146), (130, 138), (387, 131), (387, 259), (387, 403), (387, 395), (387, 385), (387, 386), (131, 3), (131, 195), (131, 147), (131, 139), (131, 129), (131, 130), (402, 146), (402, 466), (402, 410), (402, 400), (146, 210), (146, 154), (403, 147), (403, 435), (403, 411), (403, 401), (147, 211), (147, 179), (147, 155), (147, 145), (450, 194), (450, 482), (194, 226), (451, 195), (451, 483), (451, 449), (451, 450), (195, 227), (195, 193), (195, 194), (466, 210), (466, 498), (466, 450), (466, 474), (466, 464), (210, 242), (210, 194), (210, 218), (467, 211), (467, 499), (467, 451), (467, 465), (211, 243), (211, 195), (211, 209), (260, 256), (4, 0), (4, 12), (261, 293), (261, 257), (5, 37), (5, 1), (5, 13), (276, 260), (276, 272), (276, 340), (276, 284), (20, 4), (20, 16), (20, 276), (20, 84), (20, 28), (277, 309), (277, 261), (277, 273), (277, 341), (277, 285), (21, 53), (21, 5), (21, 17), (21, 277), (21, 85), (21, 29), (324, 320), (324, 452), (68, 196), (68, 64), (325, 357), (325, 321), (325, 453), (325, 333), (325, 324), (69, 197), (69, 101), (69, 65), (69, 77), (69, 68), (340, 468), (340, 336), (84, 80), (84, 340), (84, 212), (341, 469), (341, 373), (341, 337), (341, 325), (341, 349), (85, 117), (85, 81), (85, 341), (85, 213), (85, 69), (85, 93), (388, 132), (388, 260), (388, 384), (388, 452), (388, 396), (132, 128), (132, 196), (132, 140), (389, 133), (389, 261), (389, 421), (389, 385), (389, 388), (389, 397), (133, 165), (133, 129), (133, 132), (133, 141), (404, 148), (404, 388), (404, 400), (404, 412), (148, 20), (148, 132), (148, 144), (148, 156), (405, 149), (405, 437), (405, 389), (405, 401), (405, 469), (405, 413), (405, 404), (149, 21), (149, 181), (149, 133), (149, 145), (149, 213), (149, 157), (149, 148), (452, 196), (452, 468), (452, 448), (196, 212), (196, 192), (196, 204), (453, 197), (453, 469), (453, 449), (453, 452), (197, 213), (197, 193), (197, 196), (197, 205), (468, 212), (468, 500), (468, 464), (468, 476), (212, 244), (212, 208), (212, 220), (469, 213), (469, 501), (469, 465), (469, 468), (213, 245), (213, 209), (213, 221), (213, 212), (6, 262), (6, 70), (6, 2), (6, 14), (262, 326), (262, 258), (262, 260), (7, 263), (7, 71), (7, 39), (7, 3), (7, 15), (263, 327), (263, 295), (263, 259), (22, 278), (22, 86), (22, 6), (22, 18), (22, 30), (22, 20), (278, 342), (278, 262), (278, 274), (278, 286), (23, 279), (23, 87), (23, 55), (23, 7), (23, 19), (23, 31), (23, 21), (279, 343), (279, 311), (279, 263), (279, 275), (279, 287), (70, 326), (70, 198), (70, 66), (326, 322), (326, 454), (326, 334), (326, 324), (71, 327), (71, 199), (71, 103), (71, 67), (71, 79), (71, 70), (327, 359), (327, 323), (327, 455), (327, 335), (327, 326), (86, 342), (86, 214), (86, 82), (86, 70), (86, 84), (342, 470), (342, 338), (342, 326), (342, 350), (87, 343), (87, 215), (87, 119), (87, 83), (87, 71), (87, 95), (87, 85), (343, 471), (343, 375), (343, 339), (343, 327), (343, 351), (134, 198), (134, 130), (134, 142), (390, 262), (390, 454), (390, 386), (390, 398), (390, 388), (135, 199), (135, 167), (135, 131), (135, 134), (135, 143), (135, 133), (391, 263), (391, 455), (391, 423), (391, 387), (391, 390), (391, 399), (391, 389), (150, 214), (150, 134), (150, 146), (150, 158), (150, 148), (406, 470), (406, 390), (406, 402), (406, 414), (151, 215), (151, 183), (151, 135), (151, 147), (151, 159), (151, 149), (151, 150), (407, 471), (407, 439), (407, 391), (407, 403), (407, 415), (407, 405), (407, 406), (198, 214), (198, 194), (454, 470), (454, 450), (454, 462), (454, 452), (199, 215), (199, 195), (199, 198), (199, 197), (455, 471), (455, 451), (455, 454), (455, 463), (455, 453), (214, 246), (214, 210), (214, 222), (214, 212), (470, 502), (470, 466), (470, 478), (215, 247), (215, 211), (215, 213), (215, 214), (471, 503), (471, 467), (471, 479), (471, 469), (471, 470), (8, 72), (264, 8), (9, 73), (9, 41), (9, 8), (265, 297), (265, 9), (265, 264), (24, 88), (280, 24), (280, 344), (25, 89), (25, 57), (25, 24), (25, 9), (281, 313), (281, 280), (281, 25), (281, 345), (281, 265), (72, 200), (328, 72), (328, 456), (73, 105), (73, 201), (329, 361), (329, 73), (329, 457), (88, 216), (344, 472), (344, 88), (89, 217), (89, 121), (89, 88), (89, 73), (345, 473), (345, 377), (345, 344), (345, 89), (345, 329), (136, 8), (136, 200), (136, 152), (392, 264), (392, 408), (392, 136), (392, 456), (137, 9), (137, 201), (137, 153), (137, 136), (393, 265), (393, 409), (393, 392), (393, 137), (152, 216), (408, 152), (153, 217), (153, 185), (153, 152), (409, 441), (409, 408), (409, 153), (409, 473), (200, 232), (456, 488), (456, 200), (201, 233), (201, 200), (457, 489), (457, 456), (457, 201), (216, 248), (216, 200), (472, 504), (472, 216), (472, 456), (217, 249), (217, 216), (217, 201), (473, 505), (473, 472), (473, 217), (473, 457), (266, 10), (266, 330), (266, 264), (10, 74), (10, 8), (267, 11), (267, 266), (11, 10), (282, 26), (282, 266), (282, 280), (26, 10), (26, 24), (283, 27), (283, 267), (283, 282), (283, 347), (283, 281), (27, 11), (27, 26), (27, 91), (330, 74), (330, 458), (330, 328), (74, 202), (74, 72), (331, 75), (331, 459), (75, 203), (346, 90), (346, 474), (346, 330), (346, 344), (90, 218), (90, 74), (90, 88), (347, 91), (347, 346), (347, 475), (347, 331), (347, 379), (347, 345), (91, 219), (91, 90), (91, 75), (91, 123), (394, 138), (394, 458), (394, 410), (394, 392), (138, 202), (138, 154), (138, 136), (395, 139), (395, 394), (395, 411), (395, 393), (139, 138), (139, 155), (139, 137), (410, 154), (410, 282), (410, 474), (410, 408), (154, 218), (154, 152), (411, 155), (411, 283), (411, 410), (411, 443), (411, 409), (155, 154), (155, 187), (155, 153), (458, 202), (458, 490), (458, 456), (202, 234), (202, 200), (459, 203), (459, 458), (459, 491), (459, 457), (203, 202), (203, 235), (203, 201), (474, 218), (474, 506), (474, 472), (218, 250), (218, 216), (475, 219), (475, 474), (475, 507), (475, 473), (219, 218), (219, 251), (219, 217), (268, 332), (268, 264), (12, 76), (12, 8), (12, 268), (269, 333), (269, 301), (269, 268), (269, 265), (13, 77), (13, 45), (13, 12), (13, 9), (284, 348), (284, 268), (284, 280), (28, 92), (28, 12), (28, 284), (28, 24), (285, 349), (285, 317), (285, 269), (285, 281), (29, 93), (29, 61), (29, 13), (29, 285), (29, 25), (332, 460), (332, 328), (76, 204), (76, 72), (76, 332), (333, 461), (333, 365), (333, 332), (333, 329), (77, 109), (77, 76), (77, 205), (77, 73), (348, 476), (348, 344), (92, 220), (92, 348), (92, 88), (349, 477), (349, 381), (349, 333), (349, 345), (93, 221), (93, 125), (93, 349), (93, 77), (93, 89), (396, 460), (396, 392), (140, 12), (140, 204), (140, 396), (140, 136), (397, 461), (397, 429), (397, 396), (141, 13), (141, 205), (141, 173), (141, 397), (141, 140), (412, 476), (412, 396), (412, 408), (156, 220), (156, 140), (156, 152), (413, 477), (413, 445), (413, 397), (413, 412), (157, 221), (157, 189), (157, 141), (157, 156), (460, 476), (460, 456), (204, 220), (204, 460), (204, 200), (461, 477), (461, 460), (205, 221), (205, 461), (205, 204), (476, 508), (476, 472), (220, 252), (220, 216), (477, 509), (477, 476), (221, 253), (221, 220), (270, 334), (270, 268), (14, 78), (14, 270), (271, 270), (271, 267), (271, 269), (15, 79), (15, 14), (15, 271), (15, 11), (286, 270), (30, 94), (30, 14), (30, 286), (287, 271), (287, 351), (287, 285), (31, 95), (31, 15), (31, 287), (334, 462), (334, 332), (78, 334), (78, 206), (335, 334), (335, 463), (335, 331), (335, 333), (79, 78), (79, 335), (79, 207), (79, 75), (350, 334), (350, 478), (94, 78), (94, 350), (94, 222), (351, 335), (351, 479), (351, 349), (95, 79), (95, 351), (95, 223), (398, 270), (398, 462), (398, 396), (142, 14), (142, 206), (142, 398), (399, 271), (399, 431), (399, 395), (399, 397), (399, 398), (143, 15), (143, 207), (143, 399), (143, 175), (143, 139), (143, 141), (143, 142), (414, 286), (414, 398), (414, 478), (414, 410), (158, 30), (158, 222), (158, 142), (158, 414), (158, 154), (415, 287), (415, 399), (415, 414), (415, 447), (415, 411), (415, 413), (159, 31), (159, 223), (159, 143), (159, 158), (159, 415), (159, 191), (159, 155), (159, 157), (462, 478), (462, 460), (206, 462), (206, 222), (463, 479), (463, 459), (463, 461), (463, 462), (207, 463), (207, 223), (207, 203), (207, 205), (207, 206), (478, 510), (478, 474), (222, 478), (222, 254), (222, 218), (479, 478), (479, 511), (479, 475), (479, 477), (223, 222), (223, 479), (223, 255), (223, 219), (223, 221), (32, 96), (32, 0), (32, 40), (288, 352), (288, 32), (288, 256), (288, 296), (33, 97), (33, 32), (289, 353), (289, 288), (48, 112), (48, 32), (304, 368), (304, 288), (304, 48), (49, 113), (49, 33), (49, 57), (305, 369), (305, 289), (305, 313), (96, 224), (96, 104), (96, 64), (352, 480), (352, 360), (352, 96), (352, 320), (97, 225), (97, 105), (353, 481), (353, 361), (112, 96), (112, 240), (112, 120), (368, 496), (368, 352), (368, 376), (368, 112), (113, 97), (113, 241), (113, 121), (369, 497), (369, 353), (369, 377), (160, 416), (160, 224), (160, 128), (160, 176), (160, 168), (416, 480), (416, 384), (416, 432), (416, 424), (161, 417), (161, 225), (161, 160), (161, 129), (161, 177), (161, 169), (417, 481), (417, 416), (417, 385), (417, 433), (417, 425), (176, 432), (176, 48), (176, 240), (176, 144), (176, 184), (432, 496), (432, 400), (432, 440), (177, 433), (177, 49), (177, 241), (177, 176), (177, 185), (433, 497), (433, 432), (433, 441), (224, 480), (224, 232), (480, 488), (225, 481), (225, 224), (225, 233), (481, 480), (481, 489), (240, 496), (240, 224), (240, 248), (496, 480), (496, 504), (241, 497), (241, 225), (241, 240), (241, 249), (497, 481), (497, 496), (497, 505), (290, 354), (290, 258), (290, 298), (34, 98), (34, 42), (34, 2), (291, 290), (35, 43), (35, 291), (35, 33), (35, 34), (306, 370), (306, 304), (50, 114), (50, 58), (307, 371), (307, 315), (51, 115), (51, 59), (51, 307), (51, 49), (354, 482), (354, 362), (354, 322), (98, 226), (98, 106), (98, 66), (355, 483), (355, 363), (99, 227), (99, 107), (99, 355), (99, 97), (370, 498), (370, 354), (370, 378), (370, 368), (114, 242), (114, 98), (114, 122), (371, 499), (371, 355), (371, 379), (115, 243), (115, 99), (115, 123), (115, 371), (115, 113), (418, 162), (418, 290), (418, 434), (418, 482), (418, 426), (162, 34), (162, 178), (162, 226), (162, 170), (419, 163), (419, 291), (419, 435), (419, 418), (419, 427), (419, 417), (163, 35), (163, 179), (163, 162), (163, 171), (163, 161), (434, 178), (434, 498), (434, 442), (434, 432), (178, 242), (178, 186), (435, 179), (435, 434), (435, 499), (435, 443), (435, 433), (179, 178), (179, 243), (179, 187), (179, 177), (482, 226), (482, 490), (226, 234), (483, 227), (483, 482), (483, 481), (483, 491), (227, 226), (227, 225), (227, 235), (498, 242), (498, 482), (498, 506), (498, 496), (242, 226), (242, 250), (499, 243), (499, 483), (499, 498), (499, 497), (499, 507), (243, 227), (243, 242), (243, 241), (243, 251), (292, 288), (292, 260), (292, 300), (36, 32), (36, 44), (36, 292), (36, 4), (293, 289), (293, 292), (293, 357), (37, 33), (37, 36), (37, 101), (37, 45), (308, 52), (308, 304), (308, 372), (308, 292), (308, 276), (52, 48), (52, 116), (52, 36), (52, 60), (52, 20), (309, 53), (309, 305), (309, 373), (309, 317), (53, 49), (53, 117), (53, 61), (356, 352), (356, 484), (100, 228), (100, 96), (100, 356), (357, 353), (357, 356), (357, 485), (101, 229), (101, 97), (101, 100), (372, 116), (372, 500), (372, 368), (372, 356), (116, 112), (116, 244), (116, 100), (373, 117), (373, 501), (373, 369), (117, 113), (117, 245), (420, 164), (420, 292), (420, 416), (420, 388), (420, 428), (164, 160), (164, 132), (164, 172), (421, 165), (421, 293), (421, 417), (421, 429), (421, 420), (165, 161), (165, 173), (165, 164), (436, 180), (436, 432), (436, 404), (436, 444), (180, 52), (180, 176), (180, 148), (180, 188), (437, 181), (437, 433), (437, 436), (437, 445), (181, 53), (181, 177), (181, 180), (181, 189), (484, 228), (484, 500), (484, 480), (484, 452), (484, 492), (228, 244), (228, 224), (228, 196), (228, 236), (485, 229), (485, 501), (485, 481), (485, 453), (485, 493), (485, 484), (229, 245), (229, 225), (229, 197), (229, 237), (229, 228), (500, 244), (500, 496), (500, 508), (244, 240), (244, 252), (501, 245), (501, 497), (501, 500), (501, 509), (245, 241), (245, 244), (245, 253), (38, 34), (38, 102), (38, 46), (38, 6), (294, 358), (294, 290), (294, 262), (294, 302), (294, 292), (39, 35), (39, 38), (39, 47), (295, 359), (295, 291), (295, 294), (295, 39), (54, 310), (54, 38), (54, 50), (54, 118), (54, 62), (54, 22), (54, 52), (310, 374), (310, 294), (310, 306), (310, 278), (55, 311), (55, 39), (55, 51), (55, 119), (55, 63), (55, 53), (311, 375), (311, 295), (311, 307), (311, 319), (102, 230), (102, 98), (358, 354), (358, 486), (358, 366), (358, 356), (103, 231), (103, 99), (103, 102), (359, 355), (359, 358), (359, 487), (359, 367), (359, 103), (118, 374), (118, 246), (118, 102), (118, 114), (118, 116), (374, 502), (374, 358), (374, 370), (374, 382), (119, 375), (119, 247), (119, 103), (119, 115), (119, 117), (375, 503), (375, 359), (375, 371), (375, 383), (166, 162), (166, 230), (166, 174), (422, 294), (422, 486), (422, 418), (422, 430), (422, 420), (167, 163), (167, 175), (167, 165), (167, 166), (423, 295), (423, 487), (423, 419), (423, 431), (423, 421), (423, 422), (182, 166), (182, 178), (182, 246), (182, 190), (182, 180), (438, 502), (438, 422), (438, 434), (438, 446), (183, 167), (183, 179), (183, 182), (183, 247), (183, 191), (183, 181), (439, 503), (439, 423), (439, 435), (439, 438), (439, 447), (439, 437), (230, 226), (230, 238), (486, 482), (486, 494), (486, 484), (231, 227), (231, 229), (231, 239), (231, 230), (487, 483), (487, 495), (487, 485), (487, 486), (246, 242), (246, 254), (246, 244), (502, 498), (502, 510), (247, 243), (247, 246), (247, 245), (247, 255), (503, 499), (503, 502), (503, 511), (503, 501), (296, 40), (296, 264), (40, 104), (40, 8), (297, 41), (297, 361), (297, 296), (41, 105), (41, 40), (312, 56), (312, 296), (312, 376), (56, 120), (56, 40), (313, 57), (313, 297), (313, 312), (313, 377), (57, 121), (57, 41), (57, 56), (360, 104), (360, 488), (360, 328), (104, 232), (104, 72), (361, 105), (361, 489), (105, 233), (376, 120), (376, 504), (376, 360), (120, 248), (120, 104), (377, 121), (377, 505), (377, 376), (121, 249), (121, 120), (424, 296), (424, 392), (424, 440), (168, 40), (168, 232), (168, 136), (168, 184), (168, 424), (425, 297), (425, 393), (425, 441), (425, 424), (169, 41), (169, 233), (169, 137), (169, 185), (169, 168), (440, 408), (184, 248), (184, 152), (184, 440), (185, 249), (232, 488), (489, 488), (233, 232), (248, 504), (42, 298), (42, 106), (42, 10), (42, 40), (298, 266), (298, 362), (298, 296), (43, 299), (43, 107), (43, 42), (299, 298), (58, 314), (58, 122), (58, 26), (58, 42), (58, 56), (314, 282), (314, 298), (314, 378), (314, 312), (59, 315), (59, 123), (59, 43), (59, 58), (315, 299), (315, 314), (315, 379), (315, 313), (106, 362), (106, 234), (106, 74), (106, 104), (362, 490), (362, 330), (362, 360), (107, 363), (107, 235), (363, 491), (122, 378), (122, 250), (122, 90), (122, 120), (378, 346), (378, 506), (378, 376), (123, 379), (123, 251), (123, 122), (379, 378), (379, 507), (379, 377), (170, 234), (170, 138), (170, 168), (426, 394), (426, 490), (426, 424), (171, 235), (171, 139), (171, 169), (171, 170), (427, 395), (427, 425), (427, 171), (427, 426), (186, 250), (186, 154), (186, 184), (442, 314), (442, 410), (442, 506), (442, 440), (187, 251), (187, 185), (443, 315), (443, 507), (443, 441), (443, 187), (234, 232), (490, 488), (235, 233), (235, 234), (491, 489), (491, 235), (491, 490), (250, 234), (250, 248), (506, 490), (506, 504), (251, 235), (251, 249), (507, 491), (507, 505), (507, 251), (44, 300), (44, 40), (44, 12), (300, 364), (300, 296), (300, 268), (45, 301), (45, 109), (45, 41), (301, 365), (301, 297), (60, 44), (60, 124), (60, 28), (316, 380), (316, 300), (316, 60), (316, 284), (61, 45), (61, 125), (61, 57), (317, 381), (317, 301), (317, 313), (317, 61), (108, 364), (108, 236), (108, 104), (364, 492), (364, 360), (109, 365), (109, 237), (109, 105), (109, 108), (365, 493), (365, 361), (365, 364), (124, 252), (124, 108), (380, 508), (380, 364), (380, 124), (125, 253), (125, 109), (125, 121), (381, 509), (381, 365), (381, 377), (381, 125), (172, 428), (172, 44), (172, 140), (172, 168), (428, 492), (428, 396), (428, 424), (173, 45), (173, 172), (429, 493), (429, 173), (429, 428), (188, 444), (188, 172), (188, 156), (444, 508), (444, 428), (444, 412), (189, 173), (189, 185), (189, 188), (445, 509), (445, 429), (445, 441), (445, 444), (236, 492), (236, 204), (236, 252), (236, 232), (492, 460), (492, 508), (492, 488), (237, 205), (237, 253), (237, 236), (493, 237), (493, 461), (493, 509), (493, 492), (252, 508), (253, 249), (253, 252), (509, 505), (509, 508), (46, 110), (46, 14), (46, 42), (302, 366), (302, 270), (302, 298), (302, 46), (302, 300), (47, 111), (47, 43), (303, 367), (303, 299), (303, 47), (303, 301), (62, 318), (62, 126), (62, 30), (62, 46), (62, 58), (318, 382), (318, 286), (318, 302), (318, 314), (63, 319), (63, 127), (63, 47), (63, 59), (319, 383), (319, 303), (319, 315), (319, 317), (110, 78), (110, 106), (110, 238), (366, 334), (366, 362), (366, 494), (366, 110), (366, 364), (111, 107), (111, 239), (111, 110), (367, 363), (367, 495), (367, 111), (367, 365), (367, 366), (126, 382), (126, 94), (126, 122), (126, 254), (382, 350), (382, 378), (382, 510), (127, 383), (127, 123), (127, 255), (383, 379), (383, 511), (383, 381), (174, 430), (174, 46), (174, 238), (174, 142), (174, 170), (430, 302), (430, 494), (430, 398), (430, 426), (430, 428), (175, 47), (175, 239), (175, 171), (175, 173), (175, 174), (431, 303), (431, 495), (431, 427), (431, 429), (431, 430), (190, 446), (190, 62), (190, 254), (190, 158), (190, 174), (190, 186), (446, 318), (446, 510), (446, 414), (446, 430), (446, 442), (191, 63), (191, 255), (191, 175), (191, 187), (191, 189), (191, 190), (447, 319), (447, 511), (447, 431), (447, 443), (447, 445), (447, 446), (238, 494), (238, 206), (238, 254), (238, 234), (494, 462), (494, 510), (494, 490), (494, 492), (239, 207), (239, 255), (239, 235), (239, 237), (239, 238), (495, 463), (495, 511), (495, 491), (495, 493), (495, 494), (254, 510), (254, 250), (510, 506), (255, 251), (255, 253), (255, 254), (511, 507), (511, 509), (511, 510)]
----------- STATS -----------
Algorithm used: Algorithm.PREFS
Runtime: 86.2452871799469seconds
Number of Iterations: 3
Number of Rows in Final Cycle Matrix: 2689
History of Number of Rows in the Cycle Matrix: [2095, 2658, 2689]
Number of Constraints in Final Iteration: 9601
History of Constraint Nums: [9007, 9570, 9601]
Number of Prefs Removed (size of minFBPS): 173
Minimum Feedback Pref Set: [1, 2, 5, 6, 7, 9, 10, 12, 50, 53, 56, 57, 59, 60, 65, 66, 68, 69, 71, 72, 73, 77, 78, 80, 81, 82, 83, 85, 86, 87, 89, 90, 91, 92, 95, 96, 97, 98, 99, 101, 107, 108, 109, 111, 114, 116, 118, 119, 120, 121, 122, 123, 124, 125, 132, 140, 144, 147, 148, 150, 154, 157, 158, 160, 162, 163, 167, 168, 171, 173, 174, 175, 178, 180, 182, 184, 186, 190, 191, 192, 194, 197, 200, 202, 203, 204, 208, 210, 211, 214, 218, 223, 225, 227, 228, 229, 230, 232, 233, 234, 235, 239, 240, 245, 246, 247, 253, 254, 255, 260, 262, 263, 264, 265, 266, 269, 271, 276, 277, 290, 293, 296, 300, 304, 311, 312, 313, 314, 315, 318, 319, 323, 324, 327, 330, 331, 338, 339, 345, 346, 348, 349, 350, 357, 361, 364, 370, 387, 390, 391, 392, 396, 397, 399, 401, 403, 404, 405, 406, 415, 416, 418, 423, 432, 442, 454, 456, 457, 461, 464, 465, 468, 469]
Number of Edges Removed: 1966
Feedback Edge Set: [(0, 32), (0, 4), (256, 288), (256, 0), (256, 260), (1, 33), (1, 3), (1, 5), (1, 0), (257, 289), (257, 1), (257, 261), (257, 256), (16, 18), (16, 144), (16, 20), (272, 274), (272, 16), (272, 276), (17, 49), (17, 19), (17, 145), (17, 1), (17, 21), (273, 305), (273, 17), (273, 257), (273, 277), (64, 96), (64, 0), (64, 68), (320, 352), (320, 64), (320, 256), (320, 324), (65, 97), (65, 67), (65, 1), (65, 69), (321, 353), (321, 65), (321, 257), (321, 325), (80, 82), (80, 208), (80, 16), (80, 84), (336, 338), (336, 80), (336, 272), (336, 340), (81, 113), (81, 83), (81, 209), (81, 65), (81, 17), (81, 85), (337, 369), (337, 81), (337, 321), (337, 273), (337, 341), (128, 132), (384, 128), (384, 388), (129, 131), (129, 133), (129, 128), (385, 129), (385, 389), (385, 384), (144, 146), (144, 128), (144, 148), (400, 402), (400, 144), (400, 384), (400, 404), (145, 177), (145, 147), (145, 129), (145, 149), (401, 433), (401, 145), (401, 385), (401, 405), (192, 224), (192, 64), (192, 128), (192, 196), (448, 480), (448, 192), (448, 320), (448, 384), (448, 452), (193, 225), (193, 195), (193, 129), (193, 197), (193, 65), (193, 192), (449, 481), (449, 193), (449, 385), (449, 453), (449, 321), (449, 448), (208, 240), (208, 210), (208, 144), (208, 192), (208, 212), (464, 496), (464, 466), (464, 208), (464, 400), (464, 448), (464, 336), (464, 468), (209, 241), (209, 211), (209, 193), (209, 213), (209, 145), (465, 497), (465, 209), (465, 449), (465, 469), (465, 337), (465, 401), (258, 2), (258, 290), (258, 386), (2, 34), (2, 130), (259, 3), (259, 291), (259, 387), (259, 263), (259, 258), (3, 35), (3, 131), (3, 7), (3, 2), (274, 18), (274, 258), (18, 2), (275, 19), (275, 307), (275, 259), (19, 51), (19, 3), (322, 66), (322, 258), (322, 354), (322, 450), (66, 98), (66, 194), (66, 2), (323, 67), (323, 259), (323, 355), (323, 451), (323, 327), (67, 99), (67, 195), (67, 3), (67, 71), (338, 82), (338, 274), (338, 322), (82, 66), (82, 18), (339, 83), (339, 275), (339, 371), (339, 323), (83, 115), (83, 67), (83, 19), (386, 130), (387, 131), (387, 385), (387, 391), (387, 386), (131, 135), (131, 130), (402, 146), (402, 386), (402, 406), (146, 130), (146, 150), (403, 147), (403, 435), (403, 387), (403, 401), (403, 407), (147, 179), (147, 131), (147, 151), (450, 194), (450, 386), (450, 482), (194, 226), (194, 130), (451, 195), (451, 387), (451, 483), (451, 449), (451, 455), (451, 450), (195, 227), (195, 131), (195, 199), (195, 194), (466, 210), (466, 402), (466, 498), (466, 450), (466, 338), (466, 470), (210, 242), (210, 194), (210, 82), (210, 146), (210, 214), (467, 211), (467, 403), (467, 499), (467, 451), (467, 465), (467, 339), (467, 471), (211, 243), (211, 195), (211, 147), (211, 83), (211, 215), (260, 4), (260, 292), (260, 262), (260, 388), (4, 36), (261, 5), (261, 293), (261, 389), (5, 37), (276, 20), (276, 308), (276, 260), (20, 52), (20, 4), (20, 22), (20, 148), (277, 21), (277, 309), (277, 261), (21, 53), (21, 5), (21, 23), (21, 149), (324, 68), (324, 260), (324, 356), (324, 326), (324, 452), (68, 4), (68, 100), (325, 69), (325, 261), (325, 357), (325, 453), (325, 324), (69, 5), (69, 101), (69, 68), (340, 84), (340, 276), (84, 20), (84, 86), (84, 212), (341, 85), (341, 277), (341, 373), (341, 325), (85, 21), (85, 117), (85, 87), (85, 213), (85, 69), (388, 132), (388, 390), (388, 389), (132, 133), (389, 133), (389, 421), (133, 165), (404, 148), (404, 388), (404, 405), (148, 132), (148, 150), (148, 149), (405, 149), (405, 437), (405, 389), (149, 181), (149, 133), (149, 151), (452, 196), (452, 388), (452, 454), (452, 453), (196, 132), (196, 197), (196, 68), (453, 197), (453, 389), (197, 133), (197, 69), (468, 212), (468, 404), (468, 500), (468, 469), (468, 452), (468, 340), (212, 148), (212, 244), (212, 214), (212, 213), (212, 196), (469, 213), (469, 405), (469, 501), (469, 453), (469, 341), (213, 149), (213, 245), (213, 215), (213, 197), (6, 38), (6, 2), (262, 294), (262, 258), (262, 390), (262, 6), (262, 260), (7, 39), (263, 295), (263, 391), (263, 7), (22, 54), (22, 6), (22, 18), (278, 310), (278, 262), (278, 274), (278, 22), (23, 55), (23, 7), (23, 19), (279, 311), (279, 263), (279, 275), (279, 23), (70, 102), (70, 66), (70, 6), (326, 358), (326, 322), (326, 454), (326, 70), (326, 262), (326, 324), (71, 103), (71, 7), (71, 70), (327, 359), (327, 455), (327, 263), (327, 71), (327, 326), (86, 82), (86, 22), (86, 70), (342, 338), (342, 278), (342, 326), (342, 86), (87, 119), (87, 83), (87, 71), (87, 23), (343, 375), (343, 339), (343, 327), (343, 87), (343, 279), (134, 130), (134, 135), (390, 386), (390, 391), (390, 388), (135, 167), (135, 133), (391, 423), (391, 389), (150, 134), (150, 151), (406, 390), (406, 407), (151, 183), (151, 135), (407, 439), (407, 391), (407, 405), (198, 194), (198, 199), (198, 70), (198, 134), (454, 450), (454, 455), (454, 390), (454, 452), (199, 135), (199, 197), (199, 71), (455, 391), (455, 453), (214, 246), (214, 215), (214, 86), (214, 150), (214, 198), (470, 502), (470, 471), (470, 342), (470, 406), (470, 454), (215, 247), (215, 151), (215, 87), (215, 199), (471, 503), (471, 407), (471, 469), (471, 343), (471, 455), (8, 40), (8, 0), (8, 12), (8, 10), (8, 136), (264, 296), (264, 256), (264, 268), (264, 266), (264, 8), (264, 392), (9, 41), (9, 1), (9, 13), (9, 137), (9, 8), (265, 297), (265, 257), (265, 269), (265, 9), (265, 393), (265, 264), (24, 16), (24, 28), (24, 26), (280, 272), (280, 284), (280, 282), (280, 24), (25, 57), (25, 17), (25, 29), (25, 24), (25, 9), (281, 313), (281, 273), (281, 285), (281, 283), (281, 280), (281, 25), (281, 265), (72, 104), (72, 64), (72, 76), (72, 74), (72, 200), (72, 8), (328, 264), (328, 360), (328, 320), (328, 332), (328, 330), (328, 72), (328, 456), (73, 105), (73, 65), (73, 77), (73, 201), (73, 9), (329, 265), (329, 361), (329, 321), (329, 333), (329, 73), (329, 457), (88, 80), (88, 92), (88, 90), (88, 24), (344, 280), (344, 336), (344, 348), (344, 346), (344, 88), (89, 121), (89, 81), (89, 93), (89, 88), (89, 73), (89, 25), (345, 281), (345, 377), (345, 337), (345, 349), (345, 347), (345, 344), (345, 89), (345, 329), (136, 128), (136, 140), (136, 138), (136, 137), (392, 384), (392, 396), (392, 394), (392, 136), (392, 393), (137, 129), (137, 141), (137, 136), (393, 385), (393, 397), (393, 392), (393, 137), (152, 144), (152, 156), (152, 154), (152, 136), (408, 400), (408, 412), (408, 410), (408, 152), (408, 392), (153, 185), (153, 145), (153, 157), (153, 152), (153, 137), (409, 441), (409, 401), (409, 413), (409, 411), (409, 408), (409, 153), (409, 393), (200, 232), (200, 192), (200, 204), (200, 202), (200, 201), (200, 136), (456, 392), (456, 488), (456, 448), (456, 460), (456, 458), (456, 200), (456, 457), (201, 233), (201, 193), (201, 205), (201, 200), (201, 137), (457, 393), (457, 489), (457, 449), (457, 461), (457, 456), (457, 201), (216, 248), (216, 208), (216, 220), (216, 218), (216, 152), (216, 200), (216, 88), (472, 408), (472, 504), (472, 464), (472, 476), (472, 474), (472, 216), (472, 456), (472, 344), (217, 249), (217, 209), (217, 221), (217, 216), (217, 201), (217, 89), (217, 153), (473, 409), (473, 505), (473, 465), (473, 477), (473, 475), (473, 472), (473, 217), (473, 457), (473, 345), (266, 10), (266, 258), (266, 298), (10, 2), (10, 42), (267, 11), (267, 259), (267, 271), (267, 266), (11, 3), (11, 15), (11, 10), (282, 26), (282, 266), (282, 274), (282, 410), (26, 10), (26, 18), (283, 27), (283, 267), (283, 275), (283, 282), (283, 411), (27, 11), (27, 19), (27, 26), (330, 74), (330, 266), (330, 322), (330, 362), (74, 10), (74, 66), (74, 106), (331, 75), (331, 267), (331, 323), (331, 335), (75, 11), (75, 67), (75, 79), (346, 90), (346, 282), (346, 338), (346, 474), (346, 330), (90, 26), (90, 82), (90, 74), (347, 91), (347, 283), (347, 339), (347, 346), (347, 475), (347, 331), (347, 379), (91, 27), (91, 83), (91, 90), (91, 75), (91, 123), (394, 138), (394, 386), (394, 395), (138, 130), (138, 139), (395, 139), (395, 387), (395, 399), (395, 394), (395, 393), (139, 131), (139, 143), (139, 138), (139, 137), (410, 154), (410, 394), (410, 402), (410, 414), (154, 138), (154, 146), (154, 158), (411, 155), (411, 395), (411, 403), (411, 415), (411, 410), (411, 443), (155, 139), (155, 147), (155, 159), (155, 154), (155, 187), (155, 153), (458, 202), (458, 394), (458, 450), (458, 490), (458, 459), (458, 330), (202, 138), (202, 194), (202, 234), (202, 203), (202, 74), (459, 203), (459, 395), (459, 451), (459, 463), (459, 458), (459, 491), (459, 457), (459, 331), (203, 139), (203, 195), (203, 207), (203, 202), (203, 235), (203, 201), (203, 75), (474, 218), (474, 410), (474, 466), (474, 478), (474, 506), (218, 154), (218, 210), (218, 222), (218, 250), (218, 90), (475, 219), (475, 411), (475, 467), (475, 479), (475, 474), (475, 507), (219, 155), (219, 211), (219, 223), (219, 218), (219, 251), (219, 217), (219, 91), (268, 12), (268, 300), (268, 260), (268, 270), (268, 269), (12, 44), (12, 4), (12, 140), (12, 13), (269, 13), (269, 301), (269, 261), (269, 271), (13, 45), (13, 5), (13, 141), (284, 28), (284, 316), (284, 268), (284, 276), (284, 286), (28, 60), (28, 12), (28, 20), (285, 29), (285, 317), (285, 269), (285, 277), (285, 287), (29, 61), (29, 13), (29, 21), (332, 76), (332, 364), (332, 324), (332, 334), (332, 268), (332, 333), (76, 108), (76, 68), (76, 204), (76, 12), (76, 77), (333, 77), (333, 365), (333, 325), (333, 335), (333, 269), (77, 109), (77, 69), (77, 205), (77, 13), (348, 92), (348, 340), (348, 350), (348, 284), (92, 84), (92, 28), (349, 93), (349, 381), (349, 341), (349, 351), (349, 333), (349, 285), (93, 125), (93, 85), (93, 77), (93, 29), (396, 140), (396, 388), (396, 398), (140, 132), (397, 141), (397, 429), (397, 389), (397, 399), (397, 396), (141, 173), (141, 133), (141, 140), (412, 156), (412, 396), (412, 404), (412, 414), (412, 413), (156, 140), (156, 148), (156, 157), (413, 157), (413, 445), (413, 397), (413, 405), (413, 415), (157, 189), (157, 141), (157, 149), (460, 204), (460, 452), (460, 462), (460, 332), (460, 396), (204, 196), (204, 140), (461, 205), (461, 453), (461, 463), (461, 397), (461, 333), (461, 460), (205, 197), (205, 141), (205, 204), (476, 220), (476, 508), (476, 468), (476, 478), (476, 412), (476, 460), (476, 477), (476, 348), (220, 252), (220, 212), (220, 156), (220, 204), (220, 221), (220, 92), (477, 221), (477, 509), (477, 469), (477, 479), (477, 461), (477, 349), (477, 413), (221, 253), (221, 213), (221, 205), (221, 93), (221, 157), (270, 14), (270, 262), (270, 398), (270, 302), (270, 271), (14, 6), (14, 142), (14, 46), (14, 15), (271, 15), (271, 263), (271, 399), (15, 7), (15, 143), (286, 30), (286, 270), (286, 278), (286, 414), (286, 318), (30, 14), (30, 22), (30, 158), (30, 62), (287, 31), (287, 271), (287, 279), (287, 415), (31, 15), (31, 23), (31, 159), (334, 78), (334, 270), (334, 326), (334, 462), (334, 366), (334, 335), (78, 70), (78, 206), (78, 110), (78, 79), (78, 14), (335, 79), (335, 271), (335, 327), (335, 463), (79, 71), (79, 207), (79, 15), (350, 94), (350, 286), (350, 334), (350, 342), (350, 478), (94, 78), (94, 86), (94, 222), (94, 30), (351, 95), (351, 287), (351, 335), (351, 343), (351, 479), (95, 79), (95, 87), (95, 223), (95, 31), (398, 142), (398, 390), (142, 134), (399, 143), (399, 391), (399, 431), (399, 398), (143, 135), (143, 175), (143, 141), (143, 142), (414, 158), (414, 398), (414, 406), (414, 415), (158, 142), (158, 150), (158, 159), (415, 159), (415, 399), (415, 407), (415, 447), (159, 143), (159, 151), (159, 191), (159, 157), (462, 206), (462, 398), (462, 454), (206, 198), (206, 142), (463, 207), (463, 399), (463, 455), (463, 462), (207, 199), (207, 143), (207, 205), (207, 206), (478, 222), (478, 414), (478, 462), (478, 470), (478, 510), (478, 479), (222, 206), (222, 214), (222, 254), (222, 223), (222, 158), (479, 223), (479, 415), (479, 463), (479, 471), (479, 511), (223, 207), (223, 215), (223, 159), (223, 255), (223, 221), (32, 96), (32, 36), (288, 352), (288, 32), (288, 292), (33, 97), (33, 35), (33, 37), (33, 32), (289, 353), (289, 293), (289, 288), (48, 112), (48, 32), (48, 50), (48, 176), (304, 368), (304, 288), (304, 306), (304, 48), (49, 113), (49, 33), (49, 51), (49, 177), (49, 53), (305, 369), (305, 289), (305, 309), (96, 100), (352, 96), (352, 356), (97, 99), (97, 33), (97, 101), (353, 289), (353, 357), (112, 96), (112, 114), (112, 240), (112, 48), (368, 352), (368, 370), (368, 112), (368, 304), (113, 97), (113, 115), (113, 241), (113, 49), (113, 117), (369, 353), (369, 305), (369, 373), (160, 224), (160, 128), (160, 161), (160, 164), (416, 480), (416, 160), (416, 384), (416, 417), (416, 420), (161, 225), (161, 163), (161, 160), (161, 129), (161, 165), (417, 481), (417, 416), (417, 161), (417, 385), (417, 421), (176, 240), (176, 160), (176, 178), (176, 144), (432, 496), (432, 416), (432, 434), (432, 176), (432, 400), (177, 241), (177, 161), (177, 179), (177, 176), (177, 181), (433, 497), (433, 417), (433, 432), (433, 177), (433, 437), (224, 225), (224, 96), (224, 228), (480, 224), (480, 481), (480, 352), (480, 484), (225, 227), (225, 224), (225, 229), (225, 97), (481, 480), (481, 225), (481, 485), (481, 353), (240, 224), (240, 242), (496, 480), (496, 498), (496, 240), (496, 368), (241, 225), (241, 243), (241, 240), (241, 245), (497, 481), (497, 496), (497, 241), (497, 369), (497, 501), (290, 34), (290, 418), (34, 162), (291, 35), (291, 419), (291, 295), (291, 290), (35, 163), (35, 39), (35, 34), (306, 50), (306, 310), (50, 54), (307, 51), (307, 311), (51, 55), (354, 98), (354, 290), (354, 482), (98, 34), (98, 226), (355, 99), (355, 291), (355, 483), (355, 359), (99, 35), (99, 227), (99, 103), (370, 114), (370, 306), (370, 354), (370, 374), (114, 50), (114, 98), (114, 118), (371, 115), (371, 307), (371, 355), (371, 375), (115, 51), (115, 99), (115, 119), (418, 162), (418, 419), (162, 163), (419, 163), (419, 418), (419, 417), (419, 423), (163, 162), (163, 167), (434, 178), (434, 418), (178, 162), (435, 179), (435, 434), (435, 419), (435, 433), (435, 439), (179, 178), (179, 163), (179, 183), (482, 226), (482, 418), (482, 483), (226, 162), (226, 227), (483, 227), (483, 419), (483, 482), (483, 481), (483, 487), (227, 163), (227, 226), (227, 231), (498, 242), (498, 434), (498, 482), (498, 370), (242, 178), (242, 226), (242, 114), (499, 243), (499, 435), (499, 483), (499, 498), (499, 497), (499, 371), (499, 503), (243, 179), (243, 227), (243, 242), (243, 115), (243, 247), (292, 36), (292, 294), (292, 420), (292, 293), (36, 37), (293, 37), (293, 421), (293, 357), (37, 101), (308, 52), (308, 304), (308, 372), (308, 292), (308, 276), (52, 48), (52, 54), (52, 180), (52, 116), (52, 36), (52, 20), (309, 53), (309, 373), (53, 55), (53, 181), (53, 117), (356, 100), (356, 358), (356, 484), (356, 357), (100, 101), (357, 101), (357, 485), (372, 116), (372, 368), (372, 356), (116, 112), (116, 118), (116, 244), (116, 100), (373, 117), (117, 119), (117, 245), (420, 164), (420, 422), (420, 388), (164, 132), (421, 165), (421, 417), (421, 389), (421, 420), (165, 161), (165, 133), (165, 164), (436, 180), (436, 432), (436, 404), (436, 437), (180, 176), (180, 182), (180, 148), (180, 181), (437, 181), (181, 183), (484, 228), (484, 486), (484, 452), (228, 196), (228, 100), (485, 229), (485, 481), (485, 453), (485, 484), (229, 225), (229, 197), (229, 101), (229, 228), (500, 244), (500, 496), (500, 501), (500, 372), (500, 484), (244, 240), (244, 246), (244, 245), (244, 228), (501, 245), (501, 373), (501, 485), (245, 247), (245, 229), (38, 34), (38, 39), (294, 290), (294, 422), (294, 295), (294, 292), (39, 35), (295, 291), (295, 423), (295, 39), (54, 38), (54, 50), (54, 22), (310, 294), (310, 306), (310, 54), (310, 278), (55, 39), (311, 295), (311, 55), (102, 38), (102, 98), (102, 103), (358, 354), (358, 486), (358, 359), (358, 294), (358, 356), (103, 39), (103, 99), (359, 355), (359, 487), (359, 295), (359, 103), (118, 54), (118, 102), (118, 114), (374, 358), (374, 370), (374, 118), (374, 310), (119, 55), (119, 103), (375, 359), (375, 119), (375, 311), (166, 162), (422, 418), (422, 420), (167, 165), (167, 135), (167, 166), (423, 421), (423, 391), (423, 422), (182, 166), (182, 178), (182, 183), (438, 422), (438, 434), (438, 439), (183, 167), (439, 423), (439, 437), (230, 166), (230, 226), (230, 102), (486, 482), (486, 422), (486, 484), (231, 167), (231, 229), (231, 103), (231, 230), (487, 423), (487, 485), (487, 486), (246, 182), (246, 230), (246, 242), (246, 247), (246, 118), (502, 486), (502, 498), (502, 503), (502, 374), (502, 438), (247, 183), (247, 231), (247, 119), (503, 487), (503, 501), (503, 375), (503, 439), (296, 40), (296, 288), (296, 300), (296, 298), (296, 424), (40, 104), (40, 32), (40, 44), (40, 42), (40, 168), (297, 41), (297, 289), (297, 301), (297, 425), (297, 361), (297, 296), (41, 105), (41, 33), (41, 45), (41, 169), (41, 40), (312, 56), (312, 296), (312, 304), (312, 314), (312, 376), (56, 120), (56, 40), (56, 48), (56, 58), (313, 57), (313, 297), (313, 305), (313, 317), (313, 315), (313, 312), (313, 377), (57, 121), (57, 41), (57, 49), (57, 61), (57, 56), (360, 104), (360, 352), (360, 364), (360, 362), (360, 488), (104, 96), (104, 108), (104, 106), (104, 232), (361, 105), (361, 353), (361, 365), (361, 489), (105, 97), (105, 109), (105, 233), (105, 41), (376, 120), (376, 368), (376, 378), (376, 360), (120, 112), (120, 122), (120, 104), (120, 56), (377, 121), (377, 369), (377, 381), (377, 379), (377, 376), (121, 113), (121, 125), (121, 120), (121, 57), (424, 168), (424, 416), (424, 428), (424, 426), (424, 392), (168, 232), (168, 160), (168, 172), (168, 170), (168, 136), (425, 169), (425, 417), (425, 429), (425, 393), (425, 424), (169, 233), (169, 161), (169, 173), (169, 137), (169, 168), (440, 184), (440, 424), (440, 432), (440, 442), (440, 408), (184, 248), (184, 168), (184, 176), (184, 186), (184, 152), (441, 185), (441, 425), (441, 433), (441, 445), (441, 443), (185, 249), (185, 169), (185, 177), (185, 189), (488, 232), (488, 480), (488, 492), (488, 490), (232, 224), (232, 236), (232, 234), (489, 233), (489, 481), (489, 493), (489, 488), (233, 225), (233, 237), (233, 232), (504, 248), (504, 496), (504, 506), (504, 376), (248, 240), (248, 250), (248, 120), (505, 249), (505, 497), (505, 509), (505, 507), (505, 377), (249, 241), (249, 253), (249, 121), (42, 34), (298, 290), (298, 42), (43, 35), (43, 47), (43, 42), (299, 291), (299, 43), (299, 303), (299, 298), (58, 26), (58, 42), (58, 50), (58, 62), (314, 282), (314, 298), (314, 306), (314, 58), (314, 442), (314, 318), (59, 43), (59, 51), (59, 58), (59, 63), (315, 299), (315, 307), (315, 314), (315, 59), (315, 443), (315, 319), (106, 98), (106, 42), (362, 298), (362, 354), (362, 106), (107, 99), (107, 43), (107, 111), (363, 299), (363, 355), (363, 107), (363, 367), (122, 90), (122, 114), (122, 58), (122, 126), (378, 314), (378, 346), (378, 370), (378, 122), (378, 506), (378, 382), (123, 115), (123, 122), (123, 59), (123, 127), (379, 315), (379, 371), (379, 378), (379, 123), (379, 507), (379, 383), (170, 138), (170, 162), (426, 394), (426, 418), (171, 139), (171, 163), (171, 169), (171, 175), (171, 170), (427, 395), (427, 419), (427, 425), (427, 171), (427, 431), (427, 426), (186, 154), (186, 170), (186, 178), (442, 410), (442, 426), (442, 434), (187, 171), (187, 179), (187, 185), (187, 191), (443, 427), (443, 435), (443, 187), (443, 447), (234, 226), (234, 106), (234, 170), (490, 426), (490, 482), (490, 362), (235, 227), (235, 171), (235, 233), (235, 107), (235, 239), (235, 234), (491, 427), (491, 483), (491, 489), (491, 235), (491, 363), (491, 495), (491, 490), (250, 242), (250, 234), (250, 122), (250, 186), (506, 442), (506, 498), (506, 490), (251, 243), (251, 235), (251, 249), (251, 123), (251, 187), (251, 255), (507, 443), (507, 499), (507, 491), (507, 251), (507, 511), (44, 36), (44, 172), (300, 364), (300, 292), (300, 302), (300, 44), (45, 37), (45, 173), (45, 109), (301, 365), (301, 293), (301, 303), (301, 45), (60, 44), (60, 52), (60, 124), (60, 28), (316, 380), (316, 300), (316, 308), (316, 318), (316, 60), (316, 284), (61, 45), (61, 53), (61, 125), (317, 381), (317, 301), (317, 309), (317, 319), (317, 61), (108, 100), (108, 236), (364, 356), (364, 366), (364, 108), (109, 101), (109, 237), (109, 108), (365, 357), (365, 367), (365, 109), (365, 301), (365, 364), (124, 108), (124, 116), (380, 364), (380, 372), (380, 382), (380, 124), (380, 316), (125, 109), (125, 117), (381, 365), (381, 373), (381, 383), (381, 125), (381, 317), (172, 164), (172, 140), (428, 492), (428, 420), (428, 430), (428, 172), (428, 396), (173, 165), (173, 141), (173, 172), (429, 493), (429, 421), (429, 431), (429, 173), (429, 397), (429, 428), (188, 172), (188, 180), (188, 189), (188, 156), (444, 508), (444, 428), (444, 436), (444, 446), (444, 445), (444, 412), (444, 188), (189, 173), (189, 181), (445, 509), (445, 429), (445, 437), (445, 447), (236, 228), (236, 204), (492, 484), (492, 494), (492, 236), (492, 460), (492, 364), (237, 229), (237, 205), (237, 236), (493, 485), (493, 495), (493, 237), (493, 461), (493, 365), (493, 492), (252, 236), (252, 244), (252, 253), (252, 124), (508, 492), (508, 500), (508, 510), (508, 509), (508, 252), (508, 380), (253, 237), (253, 245), (253, 125), (509, 493), (509, 501), (509, 511), (509, 381), (46, 38), (46, 42), (46, 174), (302, 294), (302, 298), (302, 430), (302, 46), (47, 39), (47, 43), (47, 175), (303, 295), (303, 299), (303, 431), (303, 47), (62, 30), (62, 46), (62, 54), (62, 58), (62, 190), (318, 286), (318, 302), (318, 310), (318, 314), (318, 62), (318, 446), (63, 47), (63, 55), (63, 191), (319, 303), (319, 311), (319, 63), (319, 447), (110, 78), (110, 102), (110, 106), (110, 238), (110, 46), (366, 334), (366, 358), (366, 362), (366, 494), (366, 110), (366, 302), (111, 103), (111, 107), (111, 239), (111, 47), (111, 110), (367, 359), (367, 363), (367, 495), (367, 303), (367, 111), (367, 366), (126, 94), (126, 118), (126, 122), (126, 254), (126, 62), (382, 350), (382, 374), (382, 378), (382, 126), (382, 510), (382, 318), (127, 119), (127, 255), (127, 63), (383, 375), (383, 127), (383, 511), (383, 319), (174, 142), (174, 166), (174, 170), (430, 398), (430, 422), (430, 426), (430, 174), (175, 143), (175, 167), (175, 173), (175, 174), (431, 399), (431, 423), (431, 430), (190, 158), (190, 174), (190, 182), (190, 186), (190, 191), (446, 414), (446, 430), (446, 438), (446, 442), (446, 447), (446, 190), (191, 175), (191, 183), (191, 189), (447, 431), (447, 439), (238, 206), (238, 230), (238, 234), (238, 174), (494, 462), (494, 486), (494, 490), (494, 238), (494, 430), (239, 207), (239, 231), (239, 175), (239, 237), (239, 238), (495, 463), (495, 487), (495, 431), (495, 494), (254, 246), (254, 250), (254, 255), (254, 238), (254, 190), (510, 502), (510, 506), (510, 511), (510, 494), (510, 254), (510, 446), (255, 247), (255, 239), (255, 253), (255, 191), (511, 503), (511, 495), (511, 447)]
