----------- GRAPH -----------
Number of Preferences: 476
Number of Outcomes: 512
Number of Edges: 4018
----------- STATS -----------
Algorithm used: Algorithm.MFAS
Runtime: 10530.776501655579seconds
Number of Iterations: 111
Number of Rows in Final Cycle Matrix: 27829
History of Number of Rows in the Cycle Matrix: [2098, 3068, 4049, 4877, 5611, 6359, 7037, 7689, 8311, 8949, 9349, 9885, 10475, 10984, 11442, 12134, 12543, 12948, 13219, 13617, 13904, 14254, 14588, 14799, 14895, 15064, 15431, 15671, 15968, 16124, 16368, 16577, 16658, 16699, 16908, 17087, 17223, 17530, 17793, 17979, 18085, 18175, 18345, 18388, 18515, 18682, 18856, 18898, 19006, 19078, 19208, 19330, 19578, 19741, 19867, 19874, 20180, 20230, 20725, 21081, 21134, 21151, 21556, 21871, 22216, 22403, 22586, 22785, 22825, 23074, 23369, 23587, 23681, 23688, 23742, 23847, 23903, 24246, 24427, 24526, 24608, 24653, 24804, 24840, 24918, 25137, 25171, 25197, 25225, 25272, 25684, 25785, 25916, 26010, 26050, 26091, 26258, 26332, 26432, 26625, 26653, 26866, 27030, 27126, 27205, 27464, 27597, 27613, 27769, 27780, 27829]
Number of Constraints in Final Iteration: 27829
History of Constraint Nums: [2098, 3068, 4049, 4877, 5611, 6359, 7037, 7689, 8311, 8949, 9349, 9885, 10475, 10984, 11442, 12134, 12543, 12948, 13219, 13617, 13904, 14254, 14588, 14799, 14895, 15064, 15431, 15671, 15968, 16124, 16368, 16577, 16658, 16699, 16908, 17087, 17223, 17530, 17793, 17979, 18085, 18175, 18345, 18388, 18515, 18682, 18856, 18898, 19006, 19078, 19208, 19330, 19578, 19741, 19867, 19874, 20180, 20230, 20725, 21081, 21134, 21151, 21556, 21871, 22216, 22403, 22586, 22785, 22825, 23074, 23369, 23587, 23681, 23688, 23742, 23847, 23903, 24246, 24427, 24526, 24608, 24653, 24804, 24840, 24918, 25137, 25171, 25197, 25225, 25272, 25684, 25785, 25916, 26010, 26050, 26091, 26258, 26332, 26432, 26625, 26653, 26866, 27030, 27126, 27205, 27464, 27597, 27613, 27769, 27780, 27829]
Number of Edges Removed: 1714
Feedback Edge Set: [(256, 0), (256, 320), (256, 264), (256, 288), (256, 272), (256, 260), (256, 258), (0, 64), (0, 32), (0, 2), (0, 16), (257, 1), (257, 385), (257, 265), (257, 261), (257, 256), (257, 321), (257, 289), (257, 273), (257, 259), (1, 129), (1, 33), (1, 9), (1, 5), (1, 0), (1, 65), (1, 3), (1, 17), (260, 4), (260, 324), (260, 268), (260, 292), (260, 262), (260, 276), (4, 68), (4, 36), (4, 0), (4, 20), (4, 6), (261, 5), (261, 389), (261, 269), (261, 260), (261, 325), (261, 293), (261, 263), (5, 37), (5, 13), (5, 4), (5, 69), (5, 21), (288, 32), (288, 352), (288, 296), (288, 304), (288, 290), (32, 160), (32, 34), (32, 48), (289, 417), (289, 297), (289, 293), (289, 288), (289, 305), (289, 291), (33, 161), (33, 41), (33, 37), (33, 32), (33, 289), (33, 35), (33, 49), (292, 36), (292, 420), (292, 356), (292, 300), (292, 288), (292, 294), (292, 308), (36, 100), (36, 32), (36, 38), (36, 52), (36, 37), (293, 37), (293, 421), (293, 301), (293, 292), (293, 295), (37, 45), (2, 130), (2, 66), (2, 6), (2, 34), (258, 322), (258, 266), (258, 274), (258, 259), (3, 131), (3, 67), (3, 11), (3, 2), (3, 35), (3, 7), (259, 387), (259, 323), (259, 291), (259, 275), (259, 263), (6, 70), (262, 390), (262, 326), (262, 294), (262, 270), (262, 258), (262, 278), (262, 263), (7, 135), (7, 71), (7, 15), (7, 5), (7, 6), (263, 391), (263, 295), (34, 162), (34, 50), (34, 38), (290, 418), (290, 354), (290, 298), (290, 258), (290, 294), (290, 291), (35, 163), (35, 43), (35, 34), (35, 51), (38, 102), (38, 6), (294, 358), (294, 302), (294, 310), (294, 295), (39, 103), (39, 7), (39, 47), (39, 37), (39, 38), (39, 55), (295, 291), (264, 8), (264, 296), (264, 328), (264, 280), (264, 268), (8, 136), (8, 40), (8, 72), (8, 12), (265, 9), (265, 393), (265, 269), (265, 267), (265, 281), (9, 41), (9, 11), (9, 8), (268, 300), (268, 332), (12, 268), (12, 76), (12, 28), (269, 13), (269, 397), (269, 301), (269, 271), (269, 285), (13, 45), (13, 15), (13, 29), (13, 9), (13, 12), (296, 300), (296, 360), (296, 312), (40, 168), (40, 44), (40, 41), (40, 296), (40, 104), (297, 41), (297, 425), (297, 301), (297, 299), (297, 361), (297, 313), (41, 169), (41, 45), (41, 43), (41, 105), (44, 45), (44, 300), (44, 108), (44, 12), (301, 45), (301, 429), (301, 303), (301, 365), (301, 317), (45, 47), (45, 109), (45, 61), (10, 14), (10, 74), (10, 42), (266, 270), (266, 267), (266, 330), (266, 282), (11, 75), (11, 43), (11, 15), (11, 10), (267, 395), (267, 331), (267, 271), (14, 15), (14, 78), (14, 46), (270, 271), (270, 334), (15, 79), (15, 47), (15, 31), (271, 399), (271, 335), (271, 287), (42, 43), (42, 106), (42, 58), (298, 299), (298, 362), (43, 171), (43, 107), (43, 59), (299, 427), (299, 267), (299, 303), (299, 363), (299, 315), (46, 47), (46, 110), (46, 62), (302, 430), (302, 303), (302, 366), (303, 431), (303, 367), (303, 319), (272, 16), (272, 336), (272, 400), (272, 304), (272, 276), (16, 80), (16, 48), (16, 18), (16, 17), (16, 20), (16, 144), (273, 17), (273, 305), (17, 49), (17, 21), (17, 145), (276, 340), (276, 308), (20, 84), (20, 21), (20, 276), (277, 21), (277, 309), (277, 405), (277, 273), (21, 149), (304, 368), (304, 308), (304, 306), (304, 432), (48, 112), (48, 52), (48, 49), (48, 304), (48, 176), (305, 49), (305, 369), (49, 113), (52, 116), (52, 53), (52, 308), (52, 20), (309, 53), (309, 373), (309, 437), (309, 305), (53, 181), (53, 21), (53, 49), (274, 18), (274, 278), (274, 306), (274, 272), (18, 22), (18, 19), (18, 146), (275, 19), (275, 339), (275, 279), (275, 274), (275, 307), (278, 22), (278, 406), (278, 310), (278, 276), (22, 6), (22, 23), (22, 20), (279, 23), (279, 343), (279, 278), (23, 31), (23, 19), (23, 87), (306, 310), (306, 370), (50, 54), (50, 51), (50, 306), (50, 178), (50, 114), (50, 48), (307, 371), (307, 306), (51, 59), (51, 307), (51, 115), (51, 55), (310, 54), (310, 308), (54, 38), (54, 55), (54, 182), (54, 118), (54, 52), (311, 55), (311, 279), (311, 307), (311, 375), (311, 310), (55, 63), (55, 119), (24, 88), (24, 56), (24, 8), (24, 25), (24, 28), (24, 26), (280, 344), (280, 408), (280, 312), (280, 272), (280, 284), (25, 9), (25, 29), (25, 153), (25, 89), (25, 27), (281, 285), (281, 345), (281, 283), (28, 92), (28, 60), (28, 30), (28, 156), (284, 348), (284, 276), (284, 286), (284, 28), (29, 61), (29, 157), (29, 93), (29, 31), (29, 28), (285, 349), (285, 287), (285, 29), (56, 312), (56, 120), (56, 40), (56, 60), (56, 58), (312, 376), (312, 304), (312, 314), (57, 313), (57, 41), (57, 61), (57, 121), (57, 25), (57, 59), (57, 56), (313, 281), (313, 377), (313, 315), (60, 188), (316, 380), (316, 284), (316, 308), (316, 312), (316, 318), (316, 60), (61, 125), (61, 60), (317, 285), (317, 381), (317, 319), (317, 61), (317, 313), (282, 26), (282, 346), (282, 286), (282, 280), (282, 274), (282, 283), (26, 90), (26, 30), (26, 154), (26, 58), (283, 347), (283, 267), (283, 287), (283, 315), (27, 91), (27, 11), (27, 26), (27, 283), (27, 59), (27, 19), (27, 31), (27, 155), (286, 30), (286, 350), (286, 278), (30, 94), (30, 158), (30, 62), (30, 31), (287, 31), (287, 351), (287, 286), (31, 63), (314, 58), (314, 378), (314, 318), (314, 306), (314, 315), (58, 122), (58, 186), (58, 59), (315, 59), (315, 379), (315, 319), (59, 187), (318, 382), (318, 310), (318, 319), (62, 126), (62, 60), (62, 318), (62, 190), (62, 58), (62, 63), (319, 63), (319, 383), (63, 127), (63, 47), (63, 59), (63, 61), (64, 96), (64, 72), (64, 68), (64, 66), (64, 80), (64, 65), (320, 328), (320, 324), (320, 336), (320, 321), (320, 64), (65, 73), (321, 329), (321, 353), (321, 337), (321, 325), (321, 65), (68, 100), (68, 76), (68, 84), (68, 70), (68, 69), (324, 332), (324, 356), (324, 326), (324, 325), (324, 68), (69, 325), (69, 101), (69, 77), (69, 65), (69, 85), (69, 71), (325, 333), (96, 104), (96, 98), (96, 32), (96, 112), (96, 97), (352, 320), (352, 360), (352, 356), (352, 368), (352, 353), (352, 96), (97, 105), (97, 101), (97, 65), (353, 361), (353, 369), (353, 97), (100, 108), (100, 96), (100, 102), (100, 101), (356, 364), (356, 358), (101, 109), (357, 485), (357, 325), (357, 365), (357, 356), (357, 359), (322, 66), (322, 354), (322, 330), (322, 326), (322, 320), (66, 74), (66, 70), (66, 98), (66, 67), (323, 67), (323, 355), (323, 331), (323, 321), (323, 322), (323, 327), (67, 75), (67, 65), (326, 70), (326, 358), (326, 334), (326, 327), (70, 78), (70, 102), (70, 71), (327, 71), (327, 455), (327, 359), (327, 335), (327, 325), (327, 263), (71, 79), (71, 67), (71, 103), (354, 98), (354, 362), (354, 352), (354, 358), (354, 355), (98, 106), (98, 114), (98, 34), (98, 102), (355, 353), (355, 291), (355, 371), (99, 67), (99, 107), (99, 97), (99, 98), (99, 355), (99, 115), (99, 103), (99, 35), (358, 102), (358, 366), (358, 359), (102, 118), (102, 103), (359, 103), (359, 487), (359, 295), (103, 111), (103, 101), (103, 119), (72, 328), (72, 104), (72, 76), (328, 360), (328, 329), (73, 329), (73, 105), (73, 72), (329, 457), (329, 361), (329, 333), (76, 332), (76, 108), (76, 77), (76, 92), (332, 333), (332, 328), (77, 333), (77, 109), (104, 360), (104, 120), (105, 361), (105, 109), (105, 104), (361, 489), (361, 360), (108, 109), (108, 104), (364, 300), (364, 365), (364, 360), (109, 125), (365, 381), (365, 361), (74, 78), (74, 75), (74, 106), (330, 331), (330, 346), (75, 203), (75, 107), (75, 91), (331, 459), (331, 347), (331, 335), (78, 110), (78, 94), (334, 335), (334, 330), (334, 78), (334, 366), (334, 350), (79, 335), (79, 75), (79, 111), (79, 78), (106, 107), (106, 122), (106, 110), (362, 363), (362, 106), (362, 366), (107, 123), (363, 491), (363, 107), (363, 379), (363, 355), (110, 111), (110, 126), (110, 102), (366, 367), (366, 382), (111, 47), (111, 107), (367, 495), (367, 335), (367, 359), (80, 112), (80, 84), (336, 368), (336, 340), (336, 80), (81, 85), (81, 80), (337, 345), (337, 369), (337, 81), (84, 92), (84, 85), (340, 372), (85, 93), (341, 349), (341, 373), (112, 120), (112, 116), (113, 121), (113, 81), (113, 112), (369, 377), (369, 373), (116, 84), (372, 308), (372, 368), (372, 116), (117, 373), (117, 53), (117, 125), (117, 113), (117, 245), (117, 85), (117, 116), (373, 381), (82, 114), (82, 90), (82, 86), (338, 322), (338, 346), (338, 339), (338, 82), (338, 342), (83, 19), (83, 67), (83, 91), (83, 82), (339, 323), (339, 347), (339, 343), (339, 83), (86, 94), (342, 343), (342, 470), (87, 95), (87, 83), (87, 86), (87, 215), (343, 351), (343, 375), (114, 122), (370, 378), (370, 374), (115, 123), (115, 119), (115, 114), (115, 83), (371, 379), (371, 370), (118, 126), (118, 119), (118, 114), (374, 310), (374, 342), (374, 382), (374, 375), (374, 502), (119, 127), (119, 247), (375, 383), (88, 120), (88, 72), (88, 89), (88, 92), (88, 90), (88, 80), (344, 328), (344, 345), (344, 472), (344, 336), (344, 348), (344, 346), (344, 88), (89, 345), (89, 121), (89, 93), (89, 217), (89, 91), (89, 81), (345, 329), (345, 349), (345, 347), (345, 473), (348, 349), (348, 476), (348, 340), (93, 125), (93, 77), (93, 221), (93, 92), (349, 333), (349, 351), (349, 477), (120, 121), (376, 344), (376, 360), (376, 380), (376, 377), (376, 504), (376, 368), (377, 345), (377, 361), (377, 381), (377, 505), (124, 380), (124, 125), (124, 92), (124, 120), (124, 126), (124, 60), (124, 116), (380, 348), (380, 381), (380, 508), (380, 372), (380, 382), (125, 253), (381, 349), (381, 383), (381, 125), (381, 509), (346, 90), (346, 350), (91, 347), (91, 123), (91, 95), (347, 351), (94, 90), (94, 92), (94, 126), (350, 348), (350, 342), (350, 478), (95, 93), (95, 127), (95, 31), (122, 90), (122, 120), (378, 346), (378, 382), (378, 376), (123, 121), (123, 59), (379, 347), (379, 377), (126, 122), (127, 111), (127, 123), (127, 125), (384, 128), (384, 448), (384, 386), (384, 416), (384, 385), (384, 400), (128, 130), (128, 0), (128, 144), (128, 136), (385, 389), (385, 417), (129, 193), (129, 133), (129, 128), (129, 385), (129, 161), (129, 145), (129, 137), (388, 132), (388, 384), (388, 390), (388, 420), (388, 389), (388, 260), (388, 404), (132, 128), (132, 134), (132, 4), (132, 148), (132, 140), (132, 133), (133, 197), (133, 389), (133, 141), (416, 160), (416, 418), (416, 432), (416, 424), (416, 417), (160, 168), (417, 481), (161, 225), (161, 165), (161, 160), (161, 417), (161, 177), (161, 169), (420, 422), (420, 436), (420, 428), (420, 421), (164, 166), (164, 420), (164, 36), (164, 180), (164, 172), (164, 165), (421, 485), (421, 389), (421, 437), (421, 429), (421, 417), (165, 229), (165, 133), (165, 421), (165, 173), (386, 130), (386, 258), (386, 387), (130, 146), (387, 131), (387, 395), (387, 391), (131, 130), (131, 147), (131, 139), (390, 134), (390, 406), (390, 398), (390, 391), (134, 150), (391, 135), (391, 407), (391, 399), (135, 131), (135, 134), (135, 143), (418, 162), (418, 426), (418, 386), (418, 422), (418, 419), (162, 130), (162, 166), (162, 160), (419, 163), (419, 423), (419, 291), (419, 427), (163, 162), (163, 179), (163, 171), (422, 166), (422, 294), (422, 430), (422, 390), (422, 438), (166, 134), (423, 167), (423, 422), (423, 295), (423, 487), (423, 431), (167, 166), (167, 39), (167, 175), (167, 163), (392, 136), (392, 384), (392, 456), (392, 424), (392, 396), (392, 394), (392, 264), (392, 408), (136, 168), (136, 152), (393, 137), (393, 385), (393, 397), (393, 392), (393, 395), (393, 425), (137, 169), (137, 141), (137, 136), (137, 9), (137, 153), (396, 140), (396, 388), (396, 460), (396, 428), (396, 398), (140, 172), (140, 136), (140, 12), (397, 141), (397, 389), (397, 396), (397, 399), (141, 173), (141, 140), (141, 13), (141, 157), (424, 168), (424, 428), (424, 440), (424, 426), (424, 296), (168, 169), (425, 169), (425, 417), (425, 429), (425, 424), (425, 489), (425, 427), (428, 172), (428, 492), (428, 444), (428, 430), (428, 429), (172, 44), (172, 168), (172, 173), (429, 173), (429, 493), (429, 445), (429, 431), (173, 169), (173, 45), (173, 189), (138, 130), (138, 142), (138, 136), (138, 202), (138, 154), (138, 139), (394, 386), (394, 266), (394, 458), (394, 395), (139, 203), (139, 137), (139, 11), (139, 171), (139, 155), (395, 399), (142, 134), (142, 140), (142, 143), (398, 270), (398, 430), (398, 414), (398, 394), (398, 399), (143, 139), (143, 141), (143, 15), (143, 159), (399, 431), (399, 415), (170, 138), (170, 162), (170, 168), (170, 186), (170, 171), (426, 394), (426, 298), (426, 427), (171, 169), (427, 395), (427, 431), (174, 142), (174, 166), (174, 172), (174, 175), (430, 431), (175, 143), (175, 173), (175, 47), (175, 171), (175, 191), (431, 447), (144, 208), (400, 464), (145, 177), (145, 149), (145, 144), (401, 433), (401, 385), (401, 405), (148, 156), (148, 144), (404, 276), (404, 400), (404, 468), (404, 148), (149, 405), (149, 157), (149, 148), (176, 160), (176, 184), (176, 144), (432, 176), (177, 49), (177, 176), (433, 417), (433, 437), (433, 177), (180, 188), (180, 148), (436, 308), (436, 180), (181, 437), (181, 149), (181, 177), (181, 180), (437, 405), (146, 154), (146, 144), (146, 147), (402, 146), (402, 400), (402, 403), (147, 211), (403, 147), (403, 407), (150, 22), (150, 148), (150, 151), (406, 438), (406, 404), (406, 407), (151, 215), (151, 147), (178, 162), (178, 186), (178, 182), (178, 242), (178, 176), (178, 179), (434, 402), (434, 438), (434, 178), (434, 432), (179, 187), (435, 403), (435, 434), (435, 179), (435, 439), (182, 166), (182, 190), (182, 246), (182, 180), (182, 183), (438, 310), (438, 436), (438, 439), (183, 179), (439, 407), (408, 152), (408, 472), (408, 440), (152, 216), (152, 184), (152, 144), (409, 153), (409, 393), (409, 411), (409, 408), (409, 473), (153, 157), (153, 152), (153, 217), (153, 145), (412, 156), (412, 284), (412, 476), (412, 444), (412, 408), (156, 188), (156, 152), (156, 157), (413, 157), (413, 445), (413, 397), (413, 415), (413, 412), (413, 477), (413, 409), (440, 184), (440, 312), (440, 504), (440, 444), (184, 168), (441, 425), (441, 445), (441, 443), (441, 440), (441, 505), (441, 409), (185, 57), (185, 169), (185, 189), (185, 187), (185, 184), (185, 441), (185, 249), (185, 153), (185, 177), (444, 188), (444, 316), (444, 508), (444, 445), (188, 184), (189, 61), (189, 188), (189, 445), (189, 253), (189, 157), (189, 181), (410, 154), (410, 282), (410, 411), (154, 155), (411, 155), (411, 283), (411, 475), (411, 395), (411, 443), (411, 415), (155, 147), (155, 153), (414, 158), (414, 286), (414, 478), (414, 415), (414, 410), (158, 159), (158, 150), (158, 154), (415, 447), (159, 223), (159, 191), (159, 155), (159, 415), (159, 151), (159, 157), (442, 186), (442, 314), (442, 410), (442, 443), (186, 250), (186, 190), (186, 187), (186, 154), (443, 187), (443, 315), (443, 507), (443, 427), (443, 447), (187, 171), (446, 190), (446, 318), (446, 414), (446, 447), (446, 442), (190, 254), (190, 191), (190, 158), (447, 191), (447, 445), (191, 187), (191, 183), (191, 189), (192, 448), (192, 196), (192, 64), (192, 128), (192, 224), (192, 208), (192, 193), (448, 320), (448, 464), (193, 197), (193, 225), (449, 448), (449, 321), (449, 457), (449, 193), (449, 385), (449, 481), (449, 453), (196, 68), (196, 132), (196, 228), (196, 197), (452, 484), (452, 453), (452, 196), (452, 324), (452, 388), (452, 448), (197, 453), (197, 69), (197, 229), (453, 325), (453, 461), (453, 389), (453, 485), (224, 228), (224, 96), (224, 240), (224, 160), (224, 225), (480, 448), (480, 496), (480, 488), (480, 481), (480, 224), (480, 352), (480, 416), (225, 241), (481, 353), (481, 489), (481, 225), (228, 100), (228, 164), (228, 229), (484, 500), (484, 492), (484, 485), (484, 356), (484, 420), (484, 480), (229, 225), (229, 101), (485, 501), (485, 493), (194, 130), (194, 210), (194, 66), (194, 195), (450, 386), (450, 322), (450, 458), (450, 451), (195, 67), (195, 211), (195, 203), (195, 199), (451, 323), (451, 467), (198, 454), (198, 134), (198, 199), (454, 390), (454, 326), (454, 470), (454, 455), (199, 455), (199, 71), (199, 207), (455, 471), (226, 482), (226, 162), (226, 242), (226, 98), (226, 230), (226, 227), (482, 418), (482, 354), (482, 486), (482, 483), (227, 483), (227, 163), (227, 99), (227, 243), (227, 235), (483, 419), (483, 355), (483, 499), (230, 166), (230, 231), (486, 422), (486, 358), (486, 487), (231, 167), (231, 103), (231, 239), (456, 200), (456, 448), (456, 460), (456, 488), (456, 458), (456, 457), (456, 328), (456, 472), (200, 136), (200, 232), (200, 204), (200, 72), (200, 202), (200, 216), (201, 457), (201, 205), (460, 204), (460, 452), (460, 492), (460, 461), (460, 332), (204, 140), (204, 76), (204, 206), (461, 205), (461, 333), (461, 493), (461, 477), (488, 424), (488, 492), (488, 504), (488, 489), (488, 360), (232, 168), (232, 488), (232, 104), (232, 248), (233, 169), (233, 237), (233, 489), (233, 201), (233, 249), (492, 508), (492, 493), (492, 364), (236, 172), (236, 492), (236, 108), (236, 204), (236, 232), (493, 237), (493, 365), (493, 509), (493, 489), (237, 173), (237, 205), (237, 253), (202, 218), (458, 330), (203, 201), (203, 219), (459, 457), (459, 395), (459, 475), (206, 142), (206, 222), (462, 398), (462, 454), (462, 460), (462, 334), (462, 494), (462, 478), (462, 206), (207, 203), (207, 205), (207, 79), (207, 143), (463, 461), (463, 335), (463, 479), (463, 207), (463, 399), (234, 490), (234, 170), (234, 202), (234, 232), (234, 250), (234, 238), (490, 426), (490, 458), (490, 482), (490, 488), (490, 362), (235, 491), (235, 203), (235, 233), (235, 107), (235, 251), (235, 171), (491, 459), (491, 489), (491, 427), (491, 507), (238, 174), (238, 206), (238, 236), (238, 254), (494, 430), (494, 486), (494, 490), (494, 492), (494, 366), (494, 510), (239, 207), (239, 237), (239, 111), (239, 175), (495, 463), (495, 493), (495, 431), (464, 208), (464, 336), (464, 496), (464, 472), (464, 468), (465, 209), (465, 337), (465, 497), (465, 473), (465, 401), (209, 81), (209, 241), (209, 217), (209, 145), (209, 208), (468, 212), (468, 340), (212, 148), (212, 220), (212, 208), (469, 213), (469, 501), (469, 477), (469, 405), (469, 465), (213, 85), (213, 245), (213, 221), (213, 149), (213, 212), (496, 240), (496, 368), (240, 248), (240, 244), (240, 208), (497, 241), (497, 369), (497, 481), (497, 505), (497, 501), (497, 433), (241, 113), (241, 249), (241, 240), (241, 177), (500, 244), (500, 372), (500, 496), (244, 252), (244, 212), (501, 245), (501, 437), (245, 253), (245, 241), (245, 244), (245, 181), (466, 210), (466, 467), (210, 82), (210, 214), (210, 211), (467, 211), (467, 475), (467, 403), (211, 215), (470, 214), (470, 478), (470, 466), (470, 502), (470, 471), (214, 86), (214, 215), (471, 215), (471, 343), (471, 479), (471, 503), (471, 407), (215, 223), (498, 242), (498, 434), (498, 466), (498, 499), (242, 114), (242, 250), (242, 210), (499, 467), (499, 507), (499, 435), (243, 251), (243, 242), (243, 499), (243, 179), (243, 211), (502, 246), (502, 438), (502, 498), (502, 503), (246, 118), (246, 254), (246, 242), (246, 247), (503, 247), (503, 375), (503, 511), (503, 439), (247, 183), (216, 248), (216, 208), (472, 216), (473, 505), (473, 477), (473, 472), (473, 217), (220, 216), (220, 156), (476, 508), (476, 472), (476, 468), (221, 157), (221, 253), (221, 205), (221, 217), (477, 509), (477, 476), (248, 184), (504, 505), (504, 496), (249, 121), (249, 217), (505, 489), (505, 509), (252, 220), (252, 188), (252, 248), (508, 509), (508, 252), (508, 500), (508, 504), (509, 445), (509, 253), (509, 501), (474, 218), (474, 346), (474, 475), (474, 410), (474, 478), (474, 466), (218, 90), (218, 219), (218, 154), (218, 210), (218, 222), (475, 219), (475, 507), (219, 211), (219, 223), (219, 155), (222, 94), (222, 223), (222, 478), (222, 158), (222, 214), (479, 223), (479, 511), (479, 478), (479, 415), (506, 250), (506, 378), (506, 474), (506, 510), (506, 507), (506, 442), (506, 498), (250, 122), (250, 254), (250, 251), (251, 507), (251, 187), (510, 254), (510, 382), (510, 478), (510, 511), (510, 446), (510, 502), (254, 126), (254, 255), (254, 222), (511, 255), (511, 447), (255, 247), (255, 191), (255, 223)]
----------- STATS -----------
Algorithm used: Algorithm.EDGES
Runtime: 65.35407662391663seconds
Number of Iterations: 1
Number of Rows in Final Cycle Matrix: 2098
History of Number of Rows in the Cycle Matrix: [2098]
Number of Constraints in Final Iteration: 26852
History of Constraint Nums: [26852]
Number of Prefs Removed (size of minFBPS): 296
Minimum Feedback Pref Set: [0, 2, 3, 4, 5, 7, 8, 9, 10, 11, 12, 16, 17, 18, 22, 23, 26, 27, 28, 29, 31, 32, 33, 34, 36, 37, 42, 43, 46, 48, 49, 50, 51, 54, 56, 57, 59, 61, 62, 64, 65, 66, 67, 68, 69, 70, 71, 72, 73, 74, 75, 76, 77, 78, 79, 80, 81, 82, 83, 84, 85, 86, 87, 88, 89, 90, 91, 92, 93, 94, 95, 96, 97, 99, 100, 101, 102, 103, 104, 105, 106, 107, 108, 109, 110, 111, 112, 113, 115, 116, 117, 118, 119, 120, 122, 124, 125, 127, 128, 129, 130, 131, 132, 134, 135, 136, 137, 138, 139, 140, 142, 143, 144, 145, 146, 148, 149, 150, 151, 152, 153, 154, 156, 157, 158, 160, 161, 162, 163, 164, 165, 166, 167, 168, 169, 170, 171, 172, 173, 174, 175, 176, 179, 180, 181, 182, 183, 184, 186, 187, 188, 189, 190, 191, 192, 193, 194, 195, 196, 197, 199, 200, 201, 202, 203, 204, 205, 206, 207, 208, 209, 210, 211, 212, 213, 214, 215, 217, 218, 221, 223, 225, 228, 229, 232, 233, 236, 243, 244, 246, 248, 249, 250, 251, 252, 253, 254, 255, 256, 257, 258, 259, 260, 261, 262, 263, 264, 265, 266, 267, 268, 269, 270, 271, 272, 273, 274, 275, 276, 277, 278, 279, 280, 281, 282, 283, 284, 285, 286, 287, 288, 289, 290, 291, 292, 293, 294, 295, 296, 297, 298, 299, 300, 301, 302, 303, 304, 305, 306, 307, 308, 309, 310, 311, 313, 314, 315, 316, 319, 320, 322, 323, 325, 327, 329, 330, 331, 333, 335, 336, 337, 338, 341, 342, 343, 347, 414, 415, 418, 420, 422, 423, 425, 427, 429, 430, 433, 436, 437, 438, 441, 443, 444, 464, 465, 467]
Number of Edges Removed: 1714
Feedback Edge Set: [(256, 0), (256, 320), (256, 288), (256, 272), (0, 64), (0, 32), (0, 16), (257, 1), (257, 385), (257, 261), (257, 256), (257, 321), (257, 273), (1, 129), (1, 5), (1, 0), (1, 65), (1, 17), (260, 4), (260, 388), (260, 324), (260, 256), (260, 292), (260, 276), (4, 132), (4, 68), (4, 36), (4, 0), (4, 20), (261, 5), (261, 260), (261, 325), (5, 4), (5, 69), (5, 21), (288, 32), (288, 352), (288, 304), (32, 96), (32, 48), (289, 33), (289, 417), (289, 257), (289, 293), (289, 288), (289, 305), (33, 161), (33, 37), (33, 32), (33, 1), (33, 49), (292, 36), (292, 420), (292, 356), (292, 288), (292, 308), (36, 164), (36, 100), (36, 32), (36, 52), (293, 37), (293, 261), (293, 292), (37, 36), (37, 5), (2, 130), (2, 66), (2, 0), (2, 34), (258, 386), (258, 322), (258, 290), (258, 256), (258, 274), (3, 131), (3, 67), (3, 1), (3, 2), (259, 387), (259, 323), (259, 257), (259, 258), (259, 275), (6, 70), (6, 4), (6, 38), (6, 2), (6, 22), (262, 326), (262, 294), (262, 260), (262, 258), (262, 278), (7, 135), (7, 71), (7, 3), (7, 5), (7, 6), (263, 391), (263, 327), (263, 259), (263, 261), (263, 262), (34, 162), (34, 98), (34, 32), (34, 50), (290, 418), (290, 354), (290, 288), (35, 163), (35, 99), (35, 3), (35, 33), (35, 34), (35, 51), (291, 419), (291, 355), (291, 289), (291, 290), (291, 259), (38, 102), (38, 34), (38, 36), (38, 54), (294, 358), (294, 290), (294, 292), (294, 310), (39, 167), (39, 103), (39, 7), (39, 37), (39, 38), (39, 55), (295, 423), (295, 359), (295, 293), (295, 294), (295, 263), (295, 291), (264, 8), (264, 392), (264, 296), (264, 328), (264, 280), (264, 256), (264, 268), (8, 136), (8, 40), (8, 72), (8, 12), (8, 24), (265, 9), (265, 393), (265, 269), (265, 281), (265, 257), (9, 137), (9, 13), (9, 1), (9, 8), (9, 25), (268, 12), (268, 300), (268, 332), (268, 260), (12, 44), (12, 76), (12, 28), (269, 13), (269, 397), (269, 301), (269, 261), (269, 285), (13, 141), (13, 45), (13, 29), (13, 5), (13, 12), (296, 40), (296, 424), (296, 300), (296, 360), (296, 312), (296, 288), (40, 168), (40, 44), (40, 104), (40, 56), (297, 41), (297, 425), (297, 301), (297, 361), (297, 313), (297, 289), (41, 169), (41, 45), (41, 105), (41, 9), (41, 33), (41, 40), (41, 57), (300, 44), (300, 364), (300, 292), (44, 108), (301, 45), (301, 429), (301, 365), (301, 293), (301, 317), (45, 173), (45, 109), (45, 37), (45, 44), (45, 61), (10, 14), (10, 74), (10, 42), (266, 270), (266, 330), (266, 282), (266, 258), (11, 75), (11, 3), (11, 10), (11, 27), (11, 9), (267, 331), (267, 283), (267, 266), (267, 265), (14, 78), (14, 46), (270, 334), (270, 262), (15, 143), (15, 11), (15, 79), (15, 47), (15, 7), (15, 14), (15, 31), (15, 13), (271, 399), (271, 267), (271, 335), (271, 270), (271, 287), (271, 269), (42, 106), (42, 58), (298, 362), (298, 290), (43, 11), (43, 107), (43, 59), (43, 35), (43, 42), (43, 41), (299, 267), (299, 363), (299, 298), (299, 315), (299, 297), (46, 110), (46, 62), (302, 366), (302, 294), (47, 175), (47, 111), (47, 63), (47, 39), (47, 46), (47, 45), (303, 431), (303, 367), (303, 299), (303, 302), (303, 319), (303, 301), (272, 16), (272, 336), (16, 80), (273, 17), (273, 277), (17, 21), (17, 145), (17, 16), (276, 20), (276, 340), (276, 272), (276, 404), (20, 84), (20, 16), (277, 21), (21, 20), (304, 48), (304, 368), (304, 272), (48, 112), (48, 16), (305, 49), (305, 273), (305, 309), (305, 369), (49, 53), (49, 177), (49, 113), (49, 17), (49, 48), (308, 52), (308, 372), (308, 276), (308, 436), (308, 304), (52, 116), (52, 20), (52, 48), (309, 53), (309, 277), (309, 373), (53, 117), (53, 21), (53, 52), (274, 18), (274, 272), (18, 146), (18, 16), (275, 19), (275, 339), (275, 274), (19, 83), (19, 18), (278, 22), (278, 274), (278, 276), (22, 18), (22, 20), (279, 23), (279, 275), (279, 343), (279, 278), (23, 19), (23, 87), (23, 22), (306, 50), (306, 274), (306, 370), (306, 304), (50, 178), (50, 114), (50, 48), (307, 51), (307, 275), (307, 371), (307, 306), (51, 115), (51, 50), (310, 54), (310, 278), (310, 374), (310, 306), (310, 308), (54, 118), (54, 50), (54, 52), (311, 55), (311, 279), (311, 307), (311, 375), (311, 310), (55, 51), (55, 119), (55, 54), (24, 88), (24, 56), (24, 28), (280, 344), (280, 408), (280, 312), (280, 272), (280, 284), (25, 29), (25, 153), (25, 89), (25, 24), (281, 285), (281, 345), (28, 92), (28, 60), (284, 348), (284, 316), (284, 276), (284, 28), (29, 61), (29, 157), (29, 93), (29, 28), (285, 349), (285, 317), (285, 29), (56, 120), (56, 60), (312, 376), (312, 316), (312, 440), (312, 304), (312, 56), (57, 61), (57, 185), (57, 121), (57, 25), (57, 56), (313, 281), (313, 317), (313, 377), (313, 57), (60, 124), (316, 380), (316, 308), (316, 60), (61, 189), (61, 125), (61, 60), (317, 381), (317, 61), (282, 26), (282, 346), (282, 286), (282, 280), (282, 274), (26, 90), (26, 30), (26, 24), (26, 58), (283, 27), (283, 347), (283, 281), (283, 282), (27, 91), (27, 25), (27, 26), (27, 19), (286, 30), (286, 350), (286, 284), (286, 278), (30, 94), (30, 28), (30, 62), (287, 31), (287, 351), (287, 283), (287, 285), (287, 286), (31, 95), (31, 27), (31, 29), (31, 30), (31, 63), (31, 23), (314, 58), (314, 378), (314, 318), (314, 312), (314, 306), (58, 122), (58, 62), (58, 56), (315, 59), (315, 379), (315, 283), (315, 313), (315, 314), (59, 123), (59, 27), (59, 57), (59, 58), (59, 51), (318, 62), (318, 382), (318, 316), (318, 310), (62, 126), (62, 60), (319, 63), (319, 383), (319, 315), (319, 317), (319, 318), (63, 127), (63, 59), (63, 61), (63, 62), (63, 55), (64, 192), (64, 72), (64, 68), (64, 80), (320, 448), (320, 328), (320, 324), (320, 336), (320, 64), (65, 73), (65, 64), (321, 329), (321, 320), (321, 337), (321, 65), (68, 196), (68, 76), (68, 84), (324, 452), (324, 332), (324, 68), (69, 197), (69, 77), (69, 65), (69, 68), (69, 85), (325, 453), (325, 333), (325, 321), (325, 324), (325, 69), (96, 224), (96, 104), (96, 100), (96, 64), (96, 112), (352, 480), (352, 320), (352, 360), (352, 356), (352, 368), (352, 96), (97, 105), (97, 96), (97, 65), (353, 321), (353, 361), (353, 352), (353, 369), (353, 97), (100, 228), (100, 108), (100, 68), (356, 484), (356, 324), (356, 364), (101, 229), (101, 109), (101, 100), (101, 69), (101, 97), (357, 485), (357, 325), (357, 365), (357, 356), (322, 66), (322, 450), (322, 330), (322, 320), (322, 338), (66, 194), (66, 74), (66, 64), (323, 67), (323, 451), (323, 331), (323, 321), (323, 322), (323, 339), (323, 327), (67, 195), (67, 75), (67, 65), (67, 66), (67, 71), (67, 83), (326, 70), (326, 334), (326, 324), (326, 322), (70, 78), (70, 68), (70, 66), (327, 71), (327, 335), (327, 325), (327, 326), (71, 79), (71, 69), (71, 70), (354, 98), (354, 482), (354, 362), (354, 352), (354, 322), (98, 226), (98, 66), (98, 106), (98, 96), (98, 114), (355, 99), (355, 483), (355, 363), (355, 353), (355, 354), (355, 323), (355, 371), (99, 227), (99, 67), (99, 107), (99, 97), (99, 98), (99, 115), (99, 103), (358, 102), (358, 366), (358, 354), (358, 356), (358, 326), (102, 70), (102, 110), (102, 98), (102, 100), (102, 118), (359, 103), (359, 367), (359, 357), (359, 358), (359, 327), (103, 71), (103, 111), (103, 101), (103, 102), (103, 119), (72, 200), (72, 104), (72, 76), (72, 73), (72, 88), (328, 456), (328, 360), (328, 332), (328, 329), (328, 344), (328, 72), (73, 105), (329, 361), (329, 345), (329, 333), (329, 73), (76, 204), (76, 77), (76, 92), (332, 460), (332, 333), (332, 76), (77, 93), (333, 77), (333, 349), (104, 232), (104, 108), (104, 105), (104, 120), (360, 488), (360, 364), (360, 361), (360, 376), (360, 104), (105, 109), (361, 365), (361, 377), (361, 105), (108, 236), (108, 109), (108, 76), (364, 492), (364, 365), (109, 77), (109, 125), (365, 381), (74, 75), (74, 106), (330, 331), (330, 346), (75, 203), (75, 107), (75, 79), (75, 91), (331, 459), (331, 347), (331, 335), (78, 79), (78, 74), (78, 94), (334, 335), (334, 330), (334, 78), (334, 350), (79, 207), (335, 463), (335, 79), (106, 107), (106, 122), (362, 363), (362, 106), (107, 235), (107, 123), (107, 111), (363, 491), (363, 107), (363, 379), (110, 78), (110, 106), (110, 111), (110, 126), (366, 334), (366, 362), (366, 367), (366, 382), (111, 239), (111, 79), (111, 127), (367, 495), (367, 335), (80, 112), (80, 88), (80, 84), (336, 344), (336, 464), (336, 368), (336, 340), (336, 80), (81, 113), (81, 89), (81, 80), (337, 345), (337, 369), (337, 81), (84, 92), (340, 348), (340, 468), (85, 93), (85, 213), (85, 81), (85, 84), (341, 349), (112, 120), (112, 116), (368, 376), (368, 372), (368, 496), (113, 121), (113, 112), (369, 377), (116, 124), (116, 84), (372, 340), (372, 380), (372, 500), (372, 116), (117, 125), (117, 113), (117, 245), (117, 85), (117, 116), (373, 341), (373, 381), (373, 369), (373, 117), (82, 114), (82, 90), (82, 210), (338, 346), (338, 82), (83, 115), (83, 91), (83, 87), (83, 82), (339, 347), (339, 343), (339, 338), (339, 83), (86, 94), (86, 82), (342, 350), (342, 338), (87, 95), (87, 86), (343, 351), (343, 342), (114, 122), (114, 242), (370, 378), (115, 123), (115, 119), (115, 114), (371, 379), (371, 370), (118, 126), (118, 114), (374, 342), (374, 382), (374, 370), (119, 127), (119, 118), (375, 343), (375, 383), (375, 374), (88, 89), (88, 92), (344, 345), (344, 472), (344, 348), (344, 88), (89, 93), (345, 349), (345, 89), (92, 124), (92, 93), (348, 349), (348, 476), (348, 380), (93, 125), (349, 381), (120, 124), (120, 121), (120, 88), (376, 344), (376, 380), (376, 377), (376, 504), (121, 89), (377, 345), (377, 381), (124, 125), (380, 381), (380, 508), (380, 124), (381, 125), (90, 88), (346, 344), (346, 90), (91, 89), (91, 95), (347, 345), (347, 351), (347, 91), (94, 90), (94, 92), (94, 126), (350, 346), (350, 348), (95, 93), (95, 127), (351, 349), (122, 90), (122, 120), (378, 346), (378, 376), (123, 91), (123, 121), (123, 127), (379, 347), (379, 377), (126, 124), (126, 122), (382, 380), (382, 378), (127, 125), (383, 381), (384, 128), (384, 448), (384, 416), (384, 400), (128, 192), (128, 0), (128, 144), (385, 129), (385, 449), (385, 389), (385, 384), (385, 401), (129, 193), (129, 133), (129, 128), (129, 145), (388, 132), (388, 452), (388, 384), (388, 420), (388, 404), (132, 196), (132, 128), (132, 148), (389, 133), (389, 453), (389, 388), (389, 261), (133, 197), (133, 132), (416, 160), (416, 480), (416, 432), (160, 224), (160, 32), (160, 176), (417, 161), (417, 481), (417, 385), (417, 421), (417, 416), (417, 433), (161, 225), (161, 129), (161, 165), (161, 160), (161, 177), (420, 164), (420, 484), (420, 436), (164, 228), (164, 180), (421, 165), (421, 485), (421, 389), (421, 420), (421, 293), (421, 437), (165, 229), (165, 133), (165, 164), (386, 130), (386, 418), (386, 450), (386, 384), (130, 162), (130, 194), (130, 146), (130, 128), (387, 131), (387, 386), (131, 130), (131, 147), (390, 134), (390, 422), (390, 262), (390, 454), (390, 406), (390, 388), (134, 166), (134, 198), (134, 150), (134, 132), (391, 135), (391, 387), (391, 390), (391, 407), (135, 131), (135, 134), (418, 162), (418, 482), (418, 416), (162, 226), (162, 178), (162, 160), (419, 163), (419, 418), (419, 483), (163, 162), (163, 227), (163, 179), (422, 166), (422, 418), (422, 294), (422, 486), (422, 438), (422, 420), (166, 162), (166, 230), (166, 182), (166, 164), (423, 167), (423, 422), (423, 487), (423, 419), (167, 166), (167, 231), (167, 163), (392, 136), (392, 384), (392, 456), (392, 424), (392, 396), (392, 408), (136, 168), (136, 128), (136, 200), (136, 140), (136, 152), (393, 137), (393, 385), (393, 397), (393, 392), (393, 409), (137, 129), (137, 141), (137, 136), (137, 153), (396, 140), (396, 388), (396, 460), (396, 428), (140, 172), (140, 132), (140, 12), (140, 204), (397, 141), (397, 389), (397, 396), (397, 413), (141, 173), (141, 133), (141, 140), (141, 157), (424, 168), (424, 416), (424, 428), (424, 488), (424, 440), (168, 160), (168, 172), (168, 232), (168, 184), (425, 169), (425, 393), (425, 417), (425, 429), (425, 424), (425, 489), (425, 441), (169, 161), (169, 173), (169, 168), (169, 233), (169, 137), (169, 185), (428, 172), (428, 420), (428, 492), (428, 444), (172, 164), (172, 44), (172, 236), (429, 173), (429, 421), (429, 428), (429, 493), (429, 445), (173, 165), (173, 172), (173, 237), (173, 189), (138, 130), (138, 142), (138, 136), (138, 202), (138, 170), (138, 154), (394, 386), (394, 398), (394, 392), (394, 266), (394, 458), (394, 426), (139, 203), (139, 131), (139, 137), (139, 138), (139, 11), (139, 155), (395, 459), (395, 387), (395, 393), (395, 394), (395, 267), (395, 411), (142, 134), (142, 140), (142, 206), (142, 174), (398, 390), (398, 396), (398, 270), (398, 462), (398, 430), (398, 414), (143, 207), (143, 135), (143, 139), (143, 141), (143, 142), (143, 175), (143, 159), (399, 463), (399, 391), (399, 395), (399, 397), (399, 398), (399, 431), (399, 415), (170, 162), (170, 168), (170, 234), (170, 186), (426, 418), (426, 424), (426, 298), (426, 490), (171, 235), (171, 139), (171, 163), (171, 169), (171, 170), (171, 43), (171, 187), (427, 491), (427, 395), (427, 419), (427, 425), (427, 426), (427, 299), (427, 443), (174, 166), (174, 172), (174, 238), (430, 422), (430, 428), (430, 302), (430, 494), (175, 239), (175, 167), (175, 173), (175, 174), (175, 171), (175, 191), (431, 495), (431, 423), (431, 429), (431, 430), (431, 427), (431, 447), (144, 16), (144, 208), (400, 272), (400, 464), (145, 209), (145, 149), (145, 144), (401, 465), (401, 405), (148, 144), (148, 212), (404, 400), (404, 468), (404, 148), (149, 21), (149, 213), (149, 148), (405, 277), (405, 469), (405, 149), (176, 48), (176, 144), (432, 304), (432, 176), (177, 241), (177, 181), (177, 145), (177, 176), (433, 497), (433, 437), (433, 401), (433, 177), (180, 148), (436, 180), (181, 53), (181, 245), (181, 149), (181, 180), (437, 309), (437, 501), (437, 405), (437, 181), (146, 144), (402, 146), (402, 400), (147, 211), (147, 146), (403, 467), (403, 402), (403, 147), (150, 22), (150, 148), (406, 278), (406, 404), (151, 215), (151, 147), (151, 150), (407, 471), (407, 403), (407, 406), (178, 242), (178, 176), (434, 402), (434, 498), (434, 178), (434, 432), (179, 243), (179, 178), (435, 499), (435, 403), (435, 434), (435, 179), (182, 54), (182, 246), (182, 178), (182, 180), (438, 310), (438, 406), (438, 502), (438, 434), (438, 436), (183, 247), (183, 179), (183, 182), (439, 503), (439, 407), (439, 435), (439, 438), (408, 152), (408, 472), (408, 440), (408, 412), (152, 216), (152, 184), (152, 144), (152, 156), (409, 153), (409, 413), (409, 408), (409, 473), (153, 157), (153, 152), (153, 217), (153, 145), (412, 156), (412, 284), (412, 476), (412, 444), (156, 28), (156, 220), (156, 188), (156, 148), (413, 157), (413, 445), (413, 412), (413, 477), (157, 189), (157, 156), (157, 221), (157, 149), (440, 184), (440, 504), (440, 444), (184, 248), (184, 188), (184, 176), (441, 185), (441, 445), (441, 440), (441, 505), (441, 409), (185, 189), (185, 184), (185, 249), (185, 153), (185, 177), (444, 188), (444, 316), (444, 508), (188, 60), (188, 252), (188, 180), (445, 189), (445, 444), (445, 509), (189, 188), (189, 253), (189, 181), (410, 154), (410, 282), (410, 474), (410, 414), (410, 442), (154, 26), (154, 218), (154, 186), (154, 158), (154, 146), (411, 155), (411, 283), (411, 475), (411, 410), (411, 409), (155, 27), (155, 219), (155, 147), (155, 154), (155, 153), (414, 158), (414, 286), (414, 478), (414, 446), (158, 30), (158, 222), (158, 190), (158, 150), (415, 159), (415, 479), (415, 411), (415, 447), (415, 414), (415, 413), (159, 223), (159, 191), (159, 155), (159, 151), (159, 158), (159, 157), (442, 186), (442, 314), (442, 506), (442, 446), (186, 58), (186, 250), (186, 190), (186, 178), (443, 187), (443, 315), (443, 507), (443, 411), (443, 442), (443, 441), (187, 59), (187, 251), (187, 179), (187, 186), (187, 185), (446, 190), (446, 318), (446, 510), (190, 62), (190, 254), (190, 182), (447, 191), (447, 511), (447, 443), (447, 446), (447, 445), (191, 255), (191, 187), (191, 183), (191, 190), (191, 189), (192, 196), (192, 208), (448, 452), (448, 456), (448, 192), (448, 464), (193, 192), (449, 448), (449, 321), (449, 457), (449, 193), (452, 460), (452, 196), (197, 193), (197, 196), (453, 449), (453, 452), (453, 461), (453, 197), (224, 192), (224, 228), (224, 240), (480, 448), (480, 484), (480, 496), (480, 488), (480, 224), (225, 193), (225, 224), (225, 241), (481, 449), (481, 480), (481, 353), (481, 497), (481, 489), (481, 225), (228, 196), (484, 452), (484, 500), (484, 492), (229, 197), (229, 228), (229, 225), (485, 453), (485, 484), (485, 501), (485, 493), (194, 210), (450, 458), (195, 194), (195, 211), (195, 203), (195, 199), (451, 450), (451, 467), (454, 326), (454, 470), (454, 462), (454, 198), (199, 198), (199, 71), (199, 207), (455, 454), (455, 327), (455, 471), (455, 199), (226, 242), (482, 490), (482, 226), (227, 226), (227, 243), (227, 235), (483, 482), (483, 227), (483, 499), (230, 226), (486, 482), (486, 358), (486, 494), (231, 230), (231, 103), (231, 239), (487, 486), (487, 359), (456, 200), (456, 460), (456, 488), (456, 457), (456, 472), (200, 232), (200, 204), (200, 216), (457, 201), (457, 329), (201, 233), (201, 205), (460, 204), (460, 461), (461, 205), (461, 333), (461, 477), (205, 221), (488, 232), (488, 492), (488, 504), (488, 489), (232, 236), (232, 248), (489, 233), (489, 493), (489, 361), (489, 505), (233, 237), (233, 249), (492, 236), (492, 460), (492, 508), (492, 493), (236, 204), (493, 237), (493, 461), (493, 365), (493, 509), (237, 205), (237, 253), (202, 200), (202, 234), (202, 218), (458, 456), (458, 330), (458, 490), (203, 201), (203, 235), (203, 219), (203, 207), (459, 457), (459, 491), (459, 475), (206, 204), (206, 222), (462, 460), (462, 334), (462, 478), (462, 206), (207, 205), (463, 461), (463, 479), (463, 207), (234, 232), (234, 250), (490, 488), (490, 362), (490, 234), (235, 233), (235, 251), (491, 489), (491, 235), (491, 507), (238, 206), (238, 234), (238, 236), (238, 254), (494, 462), (494, 490), (494, 492), (494, 366), (494, 510), (239, 207), (239, 237), (495, 463), (495, 493), (464, 208), (464, 496), (464, 472), (464, 468), (208, 240), (208, 216), (208, 212), (465, 209), (465, 337), (465, 497), (465, 473), (209, 81), (209, 241), (209, 217), (209, 208), (468, 212), (468, 476), (212, 220), (469, 213), (469, 477), (469, 465), (213, 221), (213, 212), (496, 240), (496, 504), (496, 500), (240, 248), (240, 244), (497, 241), (497, 369), (497, 505), (241, 113), (241, 249), (241, 240), (500, 244), (500, 508), (244, 252), (244, 212), (501, 245), (501, 509), (501, 497), (501, 469), (245, 253), (245, 241), (245, 213), (245, 244), (466, 210), (466, 474), (466, 498), (210, 242), (210, 218), (467, 211), (467, 475), (467, 466), (467, 499), (211, 243), (211, 219), (211, 210), (211, 215), (470, 214), (470, 342), (470, 478), (470, 466), (214, 86), (214, 222), (214, 210), (471, 215), (471, 343), (471, 479), (471, 470), (215, 87), (215, 223), (215, 214), (498, 242), (498, 506), (242, 250), (499, 243), (499, 507), (499, 498), (243, 251), (243, 242), (502, 246), (502, 374), (502, 470), (502, 510), (502, 498), (246, 118), (246, 254), (246, 242), (503, 247), (503, 375), (503, 471), (503, 511), (503, 502), (247, 119), (247, 255), (247, 246), (216, 220), (472, 476), (472, 473), (472, 216), (217, 89), (217, 221), (473, 345), (473, 477), (473, 217), (220, 252), (476, 508), (476, 477), (221, 93), (221, 253), (477, 349), (477, 509), (248, 252), (248, 216), (504, 508), (504, 505), (249, 121), (249, 217), (505, 377), (505, 473), (505, 509), (508, 509), (508, 252), (253, 125), (509, 381), (509, 253), (474, 218), (474, 346), (474, 475), (218, 90), (218, 219), (475, 219), (219, 223), (478, 222), (478, 350), (478, 474), (478, 479), (478, 510), (222, 94), (222, 254), (222, 218), (222, 223), (479, 223), (479, 511), (223, 255), (506, 250), (506, 378), (506, 474), (506, 507), (250, 122), (250, 251), (507, 251), (507, 475), (510, 254), (510, 382), (510, 511), (510, 506), (254, 126), (254, 255), (254, 250), (511, 255)]
----------- STATS -----------
Algorithm used: Algorithm.PREFS
Runtime: 68.52691006660461seconds
Number of Iterations: 3
Number of Rows in Final Cycle Matrix: 2231
History of Number of Rows in the Cycle Matrix: [2098, 2214, 2231]
Number of Constraints in Final Iteration: 9143
History of Constraint Nums: [9010, 9126, 9143]
Number of Prefs Removed (size of minFBPS): 174
Minimum Feedback Pref Set: [6, 8, 9, 10, 17, 20, 21, 24, 26, 28, 29, 31, 32, 33, 37, 38, 41, 45, 47, 48, 51, 52, 54, 58, 63, 64, 67, 69, 73, 74, 77, 82, 85, 86, 87, 88, 89, 90, 92, 93, 95, 97, 98, 99, 100, 101, 102, 103, 107, 114, 117, 120, 123, 125, 132, 133, 135, 138, 140, 145, 146, 148, 158, 159, 161, 164, 166, 169, 174, 177, 187, 189, 190, 192, 193, 194, 200, 201, 204, 205, 210, 211, 213, 216, 218, 220, 221, 223, 224, 225, 229, 233, 240, 243, 246, 281, 282, 283, 284, 285, 287, 291, 293, 298, 299, 300, 305, 313, 315, 317, 321, 324, 332, 336, 337, 338, 342, 347, 349, 351, 354, 360, 361, 366, 367, 372, 374, 378, 381, 382, 384, 386, 388, 389, 394, 396, 397, 402, 403, 406, 407, 412, 413, 418, 420, 425, 427, 429, 431, 433, 439, 441, 443, 444, 446, 447, 449, 450, 451, 452, 453, 454, 455, 456, 458, 460, 461, 462, 464, 467, 472, 473, 474, 475]
Number of Edges Removed: 1852
Feedback Edge Set: [(256, 384), (256, 264), (256, 257), (0, 128), (0, 256), (0, 1), (257, 385), (257, 265), (257, 321), (1, 129), (1, 9), (1, 257), (1, 65), (260, 388), (260, 268), (260, 256), (260, 261), (260, 276), (4, 132), (4, 0), (4, 260), (4, 20), (4, 5), (261, 389), (261, 269), (261, 325), (261, 257), (5, 133), (5, 13), (5, 261), (5, 69), (5, 21), (5, 1), (288, 416), (288, 256), (288, 296), (288, 289), (32, 160), (32, 288), (32, 0), (32, 33), (289, 417), (289, 257), (289, 297), (33, 161), (33, 41), (33, 289), (33, 1), (292, 420), (292, 260), (292, 300), (292, 288), (292, 293), (292, 308), (36, 164), (36, 292), (36, 4), (36, 32), (36, 52), (36, 37), (293, 421), (293, 261), (293, 301), (293, 289), (37, 165), (37, 45), (37, 293), (37, 5), (37, 33), (2, 0), (2, 3), (258, 386), (258, 266), (258, 256), (258, 274), (258, 259), (3, 131), (3, 67), (3, 11), (3, 1), (3, 7), (259, 387), (259, 323), (259, 257), (259, 275), (259, 263), (6, 4), (6, 2), (6, 22), (6, 7), (262, 270), (262, 260), (262, 258), (262, 278), (262, 263), (7, 135), (7, 71), (7, 15), (7, 5), (263, 391), (263, 327), (263, 261), (34, 2), (34, 32), (34, 50), (34, 38), (34, 35), (290, 418), (290, 298), (290, 288), (290, 258), (290, 294), (290, 291), (35, 163), (35, 99), (35, 3), (35, 43), (35, 39), (35, 33), (35, 51), (291, 419), (291, 355), (291, 295), (291, 289), (291, 259), (38, 6), (38, 36), (38, 54), (38, 39), (294, 302), (294, 292), (294, 262), (294, 310), (294, 295), (39, 167), (39, 103), (39, 7), (39, 47), (39, 37), (39, 55), (295, 423), (295, 359), (295, 293), (295, 263), (264, 392), (264, 265), (8, 136), (8, 9), (8, 264), (265, 393), (9, 137), (9, 265), (9, 8), (268, 396), (268, 264), (268, 269), (12, 140), (12, 8), (12, 13), (12, 268), (12, 28), (269, 397), (269, 285), (269, 265), (13, 141), (13, 269), (13, 29), (13, 9), (13, 12), (296, 424), (296, 297), (296, 264), (40, 168), (40, 41), (40, 296), (40, 8), (297, 425), (297, 361), (41, 169), (41, 297), (41, 105), (41, 9), (41, 40), (300, 428), (300, 301), (300, 296), (300, 268), (44, 172), (44, 45), (44, 300), (44, 12), (44, 40), (301, 429), (301, 365), (301, 269), (301, 317), (301, 297), (45, 173), (45, 301), (45, 109), (45, 13), (45, 41), (45, 44), (45, 61), (10, 11), (10, 74), (266, 267), (266, 330), (266, 282), (11, 139), (11, 15), (11, 27), (11, 9), (267, 395), (267, 283), (267, 271), (267, 265), (14, 15), (14, 78), (14, 10), (270, 271), (270, 334), (270, 266), (15, 143), (15, 31), (15, 13), (271, 399), (271, 287), (271, 269), (42, 10), (42, 43), (42, 106), (42, 58), (298, 266), (298, 299), (298, 362), (43, 171), (43, 11), (43, 47), (43, 59), (43, 41), (299, 427), (299, 267), (299, 303), (299, 315), (299, 297), (46, 14), (46, 47), (46, 110), (46, 62), (302, 270), (302, 303), (302, 366), (47, 175), (47, 15), (47, 63), (47, 45), (303, 431), (303, 271), (303, 319), (303, 301), (272, 256), (272, 280), (272, 400), (16, 0), (16, 272), (16, 144), (273, 257), (17, 1), (17, 273), (17, 145), (17, 16), (276, 284), (276, 272), (276, 404), (20, 4), (20, 16), (20, 276), (277, 405), (277, 273), (21, 277), (21, 149), (21, 17), (21, 20), (304, 272), (304, 288), (304, 312), (304, 432), (48, 32), (48, 304), (48, 16), (48, 176), (305, 273), (305, 289), (305, 369), (49, 33), (49, 305), (49, 177), (49, 113), (49, 17), (49, 48), (308, 276), (308, 316), (308, 436), (308, 304), (52, 308), (52, 20), (52, 48), (309, 277), (309, 373), (309, 437), (309, 305), (53, 309), (53, 181), (53, 117), (53, 21), (53, 49), (53, 52), (274, 282), (274, 275), (274, 272), (18, 19), (18, 274), (18, 16), (275, 279), (19, 27), (19, 275), (19, 23), (278, 286), (278, 279), (278, 274), (278, 276), (22, 23), (22, 278), (22, 18), (22, 20), (23, 31), (23, 279), (306, 274), (306, 314), (306, 310), (306, 307), (306, 370), (306, 304), (50, 54), (50, 51), (50, 306), (50, 114), (50, 48), (307, 275), (307, 311), (51, 59), (51, 307), (51, 55), (310, 278), (310, 318), (310, 311), (310, 374), (310, 308), (54, 38), (54, 55), (54, 310), (54, 118), (54, 52), (311, 279), (55, 63), (55, 311), (24, 280), (24, 8), (280, 264), (280, 408), (25, 281), (25, 9), (25, 153), (25, 24), (281, 265), (28, 284), (28, 24), (28, 156), (284, 280), (284, 412), (29, 285), (29, 13), (29, 157), (29, 25), (29, 28), (285, 281), (56, 312), (56, 40), (56, 24), (312, 280), (312, 296), (312, 440), (57, 313), (57, 41), (57, 185), (57, 25), (57, 56), (313, 281), (313, 297), (60, 316), (60, 28), (60, 56), (60, 188), (316, 284), (316, 444), (316, 312), (61, 317), (61, 189), (61, 29), (61, 57), (61, 60), (317, 285), (317, 313), (282, 346), (282, 280), (282, 283), (26, 90), (26, 24), (26, 282), (26, 27), (283, 267), (283, 281), (283, 287), (283, 411), (27, 25), (27, 283), (27, 31), (27, 155), (286, 350), (286, 284), (286, 282), (286, 287), (30, 94), (30, 28), (30, 286), (30, 26), (30, 31), (287, 285), (31, 29), (31, 287), (314, 378), (314, 282), (314, 318), (314, 312), (314, 315), (58, 122), (58, 26), (58, 62), (58, 56), (58, 314), (58, 59), (315, 283), (315, 313), (315, 443), (315, 319), (59, 27), (59, 43), (59, 57), (59, 315), (59, 63), (59, 187), (318, 382), (318, 286), (318, 316), (318, 319), (62, 126), (62, 30), (62, 60), (62, 318), (62, 63), (319, 287), (319, 317), (63, 31), (63, 47), (63, 61), (63, 319), (64, 320), (64, 192), (64, 0), (64, 65), (320, 448), (320, 328), (320, 321), (320, 256), (65, 321), (65, 193), (65, 73), (321, 449), (321, 329), (68, 324), (68, 196), (68, 84), (68, 4), (68, 64), (68, 69), (324, 452), (324, 332), (324, 325), (324, 260), (324, 320), (69, 325), (69, 197), (69, 77), (69, 65), (69, 85), (325, 453), (325, 333), (325, 321), (96, 352), (96, 224), (96, 64), (96, 32), (96, 97), (352, 480), (352, 320), (352, 360), (352, 353), (352, 288), (97, 353), (97, 225), (97, 105), (97, 65), (353, 481), (353, 321), (353, 361), (100, 228), (100, 68), (100, 96), (100, 36), (100, 101), (356, 484), (356, 324), (356, 364), (356, 352), (356, 357), (356, 292), (101, 229), (101, 109), (101, 69), (101, 97), (357, 485), (357, 325), (357, 365), (322, 66), (322, 450), (322, 330), (322, 320), (322, 338), (322, 258), (322, 323), (66, 64), (66, 2), (66, 67), (323, 67), (323, 451), (323, 321), (323, 339), (323, 327), (67, 195), (67, 75), (67, 65), (67, 71), (67, 83), (326, 70), (326, 334), (326, 324), (326, 322), (326, 262), (326, 327), (70, 68), (70, 326), (70, 66), (70, 6), (70, 71), (327, 71), (327, 455), (327, 325), (71, 199), (71, 79), (71, 69), (71, 327), (354, 98), (354, 482), (354, 362), (354, 352), (354, 322), (354, 290), (354, 358), (354, 355), (98, 66), (98, 96), (98, 354), (98, 114), (98, 34), (98, 102), (98, 99), (355, 99), (355, 483), (355, 353), (355, 323), (355, 291), (355, 371), (99, 227), (99, 67), (99, 107), (99, 97), (99, 355), (99, 115), (99, 103), (99, 35), (358, 102), (358, 366), (358, 356), (358, 326), (358, 294), (358, 359), (102, 70), (102, 100), (102, 118), (102, 38), (102, 103), (359, 103), (359, 487), (359, 357), (359, 327), (359, 295), (103, 231), (103, 71), (103, 111), (103, 101), (103, 119), (103, 39), (72, 328), (72, 200), (72, 8), (72, 73), (72, 64), (328, 456), (328, 264), (328, 329), (73, 329), (73, 201), (73, 72), (329, 457), (329, 328), (76, 332), (76, 204), (76, 12), (76, 77), (76, 92), (76, 68), (76, 72), (332, 460), (332, 268), (332, 333), (332, 328), (77, 333), (77, 205), (77, 73), (77, 93), (77, 76), (333, 461), (333, 329), (333, 349), (333, 332), (104, 360), (104, 232), (104, 40), (104, 105), (104, 72), (104, 96), (360, 488), (360, 296), (360, 361), (360, 328), (105, 361), (105, 233), (105, 73), (105, 104), (361, 489), (361, 329), (361, 360), (108, 236), (108, 44), (108, 109), (108, 76), (108, 104), (108, 100), (364, 492), (364, 300), (364, 365), (364, 360), (109, 237), (109, 77), (109, 105), (109, 108), (109, 125), (365, 493), (365, 381), (365, 361), (365, 364), (74, 75), (74, 66), (330, 331), (330, 346), (75, 203), (75, 11), (75, 79), (75, 91), (331, 459), (331, 267), (331, 347), (331, 335), (331, 323), (78, 79), (78, 74), (78, 94), (78, 70), (334, 335), (334, 330), (334, 78), (334, 350), (79, 207), (79, 15), (335, 463), (335, 271), (335, 79), (335, 327), (106, 74), (106, 107), (106, 122), (106, 98), (106, 110), (362, 330), (362, 363), (362, 106), (362, 366), (107, 235), (107, 43), (107, 75), (107, 123), (107, 111), (363, 491), (363, 299), (363, 331), (363, 107), (363, 379), (363, 355), (110, 78), (110, 111), (110, 126), (110, 102), (366, 334), (366, 367), (366, 382), (111, 239), (111, 47), (111, 79), (111, 127), (367, 495), (367, 303), (367, 335), (367, 359), (80, 64), (80, 16), (336, 320), (336, 344), (336, 464), (336, 80), (336, 272), (81, 65), (81, 209), (81, 80), (337, 321), (337, 81), (337, 465), (84, 80), (84, 20), (340, 348), (340, 336), (340, 468), (340, 276), (85, 213), (85, 81), (85, 84), (112, 96), (112, 48), (112, 80), (368, 336), (368, 352), (368, 376), (368, 496), (368, 304), (113, 97), (113, 241), (113, 81), (113, 112), (369, 337), (369, 353), (369, 497), (116, 52), (116, 84), (116, 112), (372, 340), (372, 380), (372, 500), (372, 308), (372, 368), (372, 116), (117, 113), (117, 245), (117, 85), (117, 116), (373, 341), (373, 369), (373, 117), (82, 83), (82, 86), (338, 346), (338, 339), (338, 82), (338, 342), (83, 19), (83, 91), (83, 87), (339, 275), (339, 323), (339, 343), (339, 83), (86, 82), (86, 87), (342, 350), (342, 338), (342, 343), (87, 23), (87, 95), (87, 215), (343, 279), (343, 471), (114, 118), (114, 115), (114, 82), (370, 338), (370, 378), (370, 374), (370, 371), (115, 51), (115, 99), (115, 123), (115, 119), (115, 83), (371, 307), (371, 339), (118, 119), (374, 342), (374, 382), (374, 375), (119, 55), (119, 127), (119, 247), (375, 311), (375, 343), (375, 503), (88, 72), (88, 24), (88, 80), (344, 328), (344, 472), (344, 88), (344, 280), (89, 25), (89, 73), (89, 217), (89, 88), (89, 81), (345, 281), (345, 329), (345, 89), (345, 473), (345, 337), (345, 344), (92, 88), (92, 28), (92, 84), (348, 344), (348, 476), (348, 284), (93, 29), (93, 77), (93, 221), (93, 89), (93, 92), (93, 85), (349, 285), (349, 477), (349, 341), (349, 345), (349, 348), (120, 104), (120, 88), (120, 56), (120, 112), (376, 344), (376, 360), (376, 504), (376, 312), (121, 57), (121, 105), (121, 249), (121, 89), (121, 120), (121, 113), (377, 313), (377, 345), (377, 361), (377, 505), (377, 369), (377, 376), (124, 92), (124, 120), (124, 60), (124, 116), (380, 348), (380, 508), (380, 376), (380, 124), (380, 316), (125, 61), (125, 121), (125, 253), (125, 93), (125, 124), (125, 117), (381, 317), (381, 349), (381, 377), (381, 125), (381, 509), (381, 373), (381, 380), (90, 88), (90, 82), (90, 94), (346, 344), (346, 90), (346, 350), (91, 89), (91, 95), (91, 27), (347, 331), (347, 345), (347, 351), (347, 91), (347, 283), (347, 339), (94, 90), (94, 92), (94, 86), (350, 346), (350, 348), (95, 93), (95, 31), (351, 349), (351, 287), (351, 343), (122, 90), (122, 126), (122, 120), (122, 114), (378, 346), (378, 382), (378, 376), (123, 91), (123, 107), (123, 121), (123, 127), (123, 59), (379, 347), (379, 377), (379, 315), (379, 371), (126, 94), (126, 110), (126, 124), (126, 118), (382, 350), (382, 380), (127, 95), (127, 125), (127, 63), (383, 351), (383, 381), (383, 319), (383, 375), (384, 385), (128, 384), (128, 136), (128, 129), (385, 449), (129, 193), (129, 385), (129, 137), (388, 384), (388, 389), (388, 404), (132, 128), (132, 388), (132, 148), (132, 140), (132, 133), (389, 453), (389, 385), (133, 197), (133, 389), (133, 141), (133, 129), (416, 384), (416, 417), (160, 128), (160, 416), (160, 168), (160, 161), (417, 481), (417, 385), (161, 225), (161, 129), (161, 417), (161, 169), (420, 388), (420, 436), (420, 421), (164, 132), (164, 420), (164, 180), (164, 172), (164, 165), (421, 485), (421, 389), (421, 437), (421, 417), (165, 229), (165, 133), (165, 421), (165, 161), (165, 173), (386, 130), (386, 258), (386, 384), (386, 387), (130, 146), (130, 2), (130, 138), (130, 128), (130, 131), (387, 131), (387, 395), (387, 391), (131, 147), (131, 135), (390, 134), (390, 262), (390, 406), (390, 388), (390, 391), (134, 150), (134, 142), (134, 132), (134, 135), (391, 135), (391, 407), (391, 399), (418, 162), (418, 290), (418, 386), (418, 422), (418, 416), (418, 419), (162, 178), (162, 34), (162, 130), (162, 170), (162, 166), (162, 160), (162, 163), (419, 163), (419, 423), (419, 483), (419, 427), (163, 167), (163, 227), (163, 179), (422, 166), (422, 294), (422, 390), (422, 438), (422, 420), (422, 423), (166, 134), (166, 182), (166, 174), (166, 164), (166, 167), (423, 167), (423, 487), (423, 431), (167, 231), (392, 384), (392, 393), (136, 392), (136, 137), (393, 385), (137, 393), (396, 388), (396, 392), (396, 397), (140, 136), (140, 396), (140, 141), (397, 389), (397, 393), (397, 413), (141, 397), (141, 157), (141, 137), (424, 392), (424, 416), (424, 425), (168, 424), (168, 136), (168, 169), (425, 393), (425, 417), (425, 489), (169, 425), (169, 233), (169, 137), (428, 396), (428, 420), (428, 444), (428, 429), (428, 424), (172, 428), (172, 140), (172, 168), (172, 173), (429, 397), (429, 421), (429, 493), (429, 445), (429, 425), (173, 429), (173, 237), (173, 141), (173, 169), (173, 189), (138, 136), (138, 202), (138, 154), (138, 139), (394, 386), (394, 392), (394, 266), (394, 458), (394, 395), (139, 131), (139, 137), (139, 155), (139, 143), (395, 393), (395, 411), (395, 399), (142, 140), (142, 206), (142, 138), (142, 143), (398, 390), (398, 396), (398, 270), (398, 462), (398, 414), (398, 394), (398, 399), (143, 135), (143, 141), (143, 159), (399, 397), (399, 415), (170, 138), (170, 168), (170, 234), (170, 186), (170, 171), (426, 394), (426, 418), (426, 424), (426, 298), (426, 490), (426, 427), (171, 139), (171, 163), (171, 175), (171, 169), (171, 187), (427, 395), (427, 431), (427, 425), (427, 443), (174, 142), (174, 172), (174, 238), (174, 175), (430, 398), (430, 422), (430, 428), (430, 302), (430, 494), (430, 431), (175, 143), (175, 167), (175, 173), (175, 191), (431, 399), (431, 429), (431, 447), (144, 400), (144, 128), (144, 152), (400, 272), (400, 384), (145, 401), (145, 129), (145, 153), (145, 144), (401, 385), (148, 404), (148, 156), (148, 144), (404, 400), (149, 405), (149, 21), (149, 157), (149, 148), (149, 145), (405, 401), (176, 432), (176, 160), (176, 184), (176, 144), (432, 304), (432, 416), (177, 433), (177, 161), (177, 185), (177, 145), (177, 176), (433, 417), (433, 401), (180, 436), (180, 188), (180, 148), (436, 420), (181, 437), (181, 53), (181, 189), (181, 149), (181, 177), (181, 180), (437, 405), (437, 433), (146, 402), (146, 18), (146, 154), (146, 144), (146, 147), (402, 274), (402, 400), (402, 403), (147, 403), (147, 155), (147, 151), (403, 407), (150, 406), (150, 22), (150, 158), (150, 148), (150, 151), (406, 278), (406, 390), (406, 404), (406, 407), (151, 407), (151, 159), (178, 434), (178, 50), (178, 186), (178, 182), (178, 242), (178, 176), (178, 179), (434, 306), (434, 402), (434, 438), (434, 498), (434, 432), (434, 435), (179, 435), (179, 187), (179, 183), (435, 403), (435, 439), (182, 438), (182, 54), (182, 190), (182, 246), (182, 180), (182, 183), (438, 310), (438, 406), (438, 502), (438, 436), (438, 439), (183, 439), (183, 191), (439, 407), (408, 392), (408, 409), (152, 136), (152, 408), (152, 153), (409, 393), (153, 137), (153, 409), (412, 284), (412, 408), (412, 413), (156, 152), (156, 412), (156, 157), (413, 409), (157, 413), (157, 153), (440, 424), (440, 441), (440, 408), (184, 168), (184, 440), (184, 152), (184, 185), (441, 425), (441, 409), (185, 169), (185, 441), (185, 153), (444, 316), (444, 445), (444, 412), (444, 440), (188, 444), (188, 156), (188, 184), (188, 189), (445, 429), (445, 413), (445, 441), (189, 445), (189, 157), (189, 185), (410, 282), (410, 474), (410, 411), (154, 26), (154, 218), (154, 155), (154, 410), (411, 415), (411, 409), (155, 139), (155, 411), (155, 159), (155, 153), (414, 286), (414, 478), (414, 415), (414, 410), (158, 30), (158, 222), (158, 159), (158, 414), (158, 154), (415, 399), (415, 413), (159, 415), (159, 157), (442, 314), (442, 506), (442, 410), (442, 446), (442, 443), (186, 58), (186, 250), (186, 190), (186, 187), (186, 442), (186, 154), (443, 411), (443, 447), (443, 441), (187, 171), (187, 443), (187, 191), (187, 185), (446, 318), (446, 510), (446, 414), (446, 447), (190, 62), (190, 254), (190, 191), (190, 446), (190, 158), (447, 415), (447, 445), (191, 447), (191, 159), (191, 189), (192, 448), (192, 128), (192, 193), (448, 449), (448, 384), (193, 449), (193, 129), (449, 385), (196, 452), (196, 132), (196, 192), (196, 197), (452, 453), (452, 388), (452, 448), (197, 453), (197, 193), (197, 133), (453, 449), (453, 389), (224, 480), (224, 192), (224, 160), (224, 225), (480, 448), (480, 481), (480, 416), (225, 481), (225, 193), (481, 449), (228, 196), (228, 164), (228, 224), (228, 229), (484, 452), (484, 500), (484, 485), (484, 420), (484, 480), (229, 197), (229, 225), (485, 453), (485, 501), (194, 130), (194, 210), (194, 66), (194, 195), (450, 386), (450, 322), (450, 451), (195, 211), (195, 199), (451, 467), (198, 134), (198, 199), (454, 390), (454, 326), (454, 470), (454, 198), (454, 455), (455, 471), (455, 199), (226, 162), (226, 242), (226, 98), (226, 230), (226, 227), (482, 418), (482, 354), (482, 226), (482, 486), (482, 483), (227, 243), (483, 227), (483, 499), (230, 166), (230, 231), (486, 422), (486, 358), (486, 487), (456, 392), (456, 448), (456, 457), (200, 136), (200, 456), (457, 449), (201, 457), (460, 396), (460, 452), (460, 461), (460, 456), (204, 140), (204, 460), (204, 200), (461, 453), (461, 457), (461, 477), (205, 201), (205, 461), (205, 221), (488, 424), (488, 456), (488, 480), (488, 489), (232, 168), (232, 488), (232, 200), (489, 457), (489, 481), (233, 489), (233, 201), (492, 236), (492, 428), (492, 460), (492, 484), (492, 508), (492, 493), (492, 488), (236, 172), (236, 204), (236, 232), (493, 237), (493, 461), (493, 485), (493, 509), (493, 489), (237, 205), (237, 233), (237, 253), (202, 200), (202, 218), (458, 450), (458, 456), (458, 330), (203, 195), (203, 201), (203, 219), (203, 207), (203, 139), (459, 457), (459, 395), (459, 475), (206, 204), (206, 222), (462, 454), (462, 460), (462, 334), (462, 478), (462, 206), (207, 199), (207, 205), (207, 143), (463, 461), (463, 479), (463, 207), (463, 399), (234, 202), (234, 232), (234, 250), (234, 238), (490, 458), (490, 482), (490, 488), (490, 362), (490, 234), (490, 494), (235, 203), (235, 227), (235, 233), (235, 251), (235, 171), (491, 459), (491, 489), (491, 235), (491, 427), (491, 507), (238, 206), (238, 236), (238, 254), (494, 462), (494, 486), (494, 492), (494, 366), (494, 510), (239, 207), (239, 231), (239, 237), (239, 175), (495, 463), (495, 493), (495, 431), (464, 208), (464, 400), (464, 448), (208, 144), (208, 192), (208, 216), (208, 464), (465, 209), (465, 449), (465, 401), (209, 81), (209, 193), (209, 217), (209, 465), (209, 145), (209, 208), (468, 212), (468, 404), (468, 464), (212, 148), (212, 220), (212, 208), (469, 213), (469, 405), (469, 465), (213, 221), (213, 149), (213, 212), (496, 240), (496, 432), (496, 480), (496, 464), (240, 176), (240, 224), (240, 248), (240, 208), (497, 241), (497, 481), (497, 465), (497, 433), (241, 113), (241, 225), (241, 249), (241, 209), (241, 240), (241, 177), (500, 244), (500, 436), (500, 496), (244, 180), (244, 252), (244, 500), (244, 212), (244, 240), (501, 245), (501, 497), (501, 469), (501, 437), (245, 253), (245, 241), (245, 501), (245, 213), (245, 244), (245, 181), (466, 210), (466, 338), (466, 467), (210, 82), (210, 218), (210, 466), (210, 211), (467, 211), (467, 403), (211, 195), (211, 219), (211, 467), (211, 215), (211, 147), (470, 214), (470, 342), (470, 466), (470, 471), (214, 86), (214, 222), (214, 210), (214, 215), (471, 215), (471, 407), (215, 223), (215, 151), (498, 242), (498, 370), (498, 466), (498, 502), (498, 499), (242, 114), (242, 250), (242, 246), (242, 210), (242, 243), (499, 243), (499, 467), (499, 435), (243, 227), (243, 251), (243, 179), (243, 211), (502, 246), (502, 374), (502, 470), (502, 503), (246, 118), (246, 254), (246, 247), (503, 247), (503, 471), (503, 439), (247, 255), (247, 183), (216, 200), (216, 152), (472, 456), (472, 473), (472, 216), (472, 408), (472, 464), (217, 89), (217, 153), (217, 201), (473, 409), (473, 457), (473, 217), (473, 465), (220, 216), (220, 156), (476, 472), (476, 477), (476, 412), (476, 468), (221, 93), (221, 157), (221, 217), (477, 413), (477, 473), (477, 469), (248, 232), (248, 216), (248, 184), (504, 488), (504, 505), (504, 440), (504, 496), (249, 121), (249, 185), (249, 233), (249, 217), (505, 441), (505, 489), (505, 473), (505, 497), (252, 220), (252, 188), (252, 248), (508, 509), (508, 252), (508, 444), (508, 476), (508, 500), (508, 504), (253, 125), (253, 189), (253, 249), (253, 221), (509, 445), (509, 493), (509, 505), (509, 477), (509, 253), (509, 501), (474, 218), (474, 346), (474, 475), (474, 466), (218, 90), (218, 219), (218, 474), (475, 219), (475, 411), (475, 467), (219, 203), (219, 475), (219, 223), (219, 155), (478, 222), (478, 350), (478, 462), (478, 474), (478, 479), (478, 470), (222, 94), (222, 218), (222, 223), (479, 223), (479, 415), (479, 471), (223, 159), (506, 250), (506, 378), (506, 474), (506, 510), (506, 507), (506, 498), (250, 122), (250, 254), (250, 251), (507, 251), (507, 475), (507, 443), (507, 499), (251, 235), (251, 187), (510, 254), (510, 382), (510, 478), (510, 511), (510, 502), (254, 126), (254, 255), (254, 222), (511, 255), (511, 479), (511, 447), (511, 503), (255, 191), (255, 223)]
