----------- GRAPH -----------
Number of Preferences: 468
Number of Outcomes: 512
Number of Edges: 4024
----------- STATS -----------
Algorithm used: Algorithm.MFAS
Runtime: 3522.8220796585083seconds
Number of Iterations: 95
Number of Rows in Final Cycle Matrix: 17993
History of Number of Rows in the Cycle Matrix: [2076, 3001, 3909, 4793, 5502, 6241, 6856, 7322, 7635, 7996, 8374, 8824, 9110, 9484, 9868, 10315, 10664, 11026, 11315, 11488, 11834, 11992, 12151, 12502, 12763, 12894, 13055, 13170, 13378, 13544, 13637, 13725, 13867, 13938, 14151, 14345, 14469, 14600, 14709, 14818, 14892, 14969, 14985, 15056, 15123, 15324, 15369, 15425, 15474, 15551, 15611, 15639, 15689, 15726, 15807, 15810, 15825, 15833, 15853, 15857, 15858, 15900, 15913, 15934, 15996, 16066, 16234, 16304, 16353, 16354, 16409, 16493, 16535, 16632, 16708, 16764, 16832, 16888, 16977, 17007, 17069, 17116, 17185, 17250, 17300, 17468, 17502, 17528, 17609, 17693, 17742, 17802, 17847, 17973, 17993]
Number of Constraints in Final Iteration: 17993
History of Constraint Nums: [2076, 3001, 3909, 4793, 5502, 6241, 6856, 7322, 7635, 7996, 8374, 8824, 9110, 9484, 9868, 10315, 10664, 11026, 11315, 11488, 11834, 11992, 12151, 12502, 12763, 12894, 13055, 13170, 13378, 13544, 13637, 13725, 13867, 13938, 14151, 14345, 14469, 14600, 14709, 14818, 14892, 14969, 14985, 15056, 15123, 15324, 15369, 15425, 15474, 15551, 15611, 15639, 15689, 15726, 15807, 15810, 15825, 15833, 15853, 15857, 15858, 15900, 15913, 15934, 15996, 16066, 16234, 16304, 16353, 16354, 16409, 16493, 16535, 16632, 16708, 16764, 16832, 16888, 16977, 17007, 17069, 17116, 17185, 17250, 17300, 17468, 17502, 17528, 17609, 17693, 17742, 17802, 17847, 17973, 17993]
Number of Edges Removed: 1720
Feedback Edge Set: [(256, 0), (256, 320), (256, 288), (256, 260), (0, 32), (0, 4), (257, 385), (257, 321), (257, 289), (257, 265), (257, 259), (1, 65), (1, 9), (1, 5), (1, 3), (1, 17), (1, 129), (258, 2), (258, 386), (258, 322), (258, 290), (258, 274), (258, 262), (258, 256), (258, 259), (2, 66), (2, 34), (2, 6), (2, 3), (259, 291), (259, 263), (3, 67), (3, 35), (3, 7), (3, 259), (3, 131), (3, 19), (260, 262), (4, 5), (4, 260), (261, 389), (261, 325), (261, 293), (261, 269), (261, 257), (5, 133), (5, 69), (5, 13), (5, 7), (5, 37), (262, 263), (6, 262), (7, 15), (7, 263), (7, 39), (7, 6), (272, 16), (272, 304), (272, 276), (272, 274), (272, 273), (16, 20), (16, 18), (16, 17), (273, 401), (273, 281), (273, 275), (17, 25), (17, 21), (17, 19), (17, 145), (274, 18), (274, 278), (274, 338), (18, 50), (18, 22), (18, 82), (18, 146), (275, 307), (275, 279), (275, 259), (19, 23), (19, 275), (19, 147), (276, 340), (276, 278), (20, 21), (20, 276), (277, 405), (277, 341), (277, 309), (277, 285), (277, 279), (277, 276), (277, 273), (21, 149), (21, 85), (21, 5), (21, 29), (21, 23), (21, 53), (278, 262), (22, 30), (22, 23), (22, 278), (22, 20), (279, 343), (279, 263), (23, 87), (23, 7), (23, 31), (23, 279), (23, 55), (288, 292), (288, 289), (32, 36), (32, 288), (32, 96), (289, 353), (289, 297), (33, 97), (33, 49), (33, 41), (33, 37), (33, 1), (33, 161), (33, 35), (290, 34), (290, 418), (290, 306), (290, 298), (290, 294), (290, 291), (290, 354), (34, 38), (34, 35), (34, 162), (291, 355), (291, 307), (291, 299), (291, 295), (291, 289), (35, 39), (35, 291), (292, 36), (292, 420), (292, 300), (292, 260), (36, 4), (293, 421), (293, 301), (293, 289), (37, 165), (37, 45), (294, 38), (294, 422), (294, 262), (294, 295), (38, 166), (38, 6), (38, 39), (295, 39), (295, 311), (295, 303), (295, 359), (295, 263), (295, 293), (39, 103), (304, 368), (304, 308), (304, 306), (304, 305), (48, 112), (48, 52), (48, 50), (48, 304), (48, 176), (48, 16), (48, 49), (305, 433), (305, 313), (305, 309), (305, 307), (305, 369), (305, 273), (49, 57), (49, 53), (49, 113), (49, 177), (49, 51), (306, 50), (306, 434), (306, 370), (306, 314), (306, 310), (306, 307), (306, 274), (50, 54), (307, 311), (51, 55), (51, 307), (51, 179), (51, 35), (308, 276), (52, 54), (52, 308), (309, 437), (309, 373), (309, 317), (309, 311), (309, 308), (53, 181), (53, 117), (53, 61), (53, 52), (53, 37), (310, 54), (310, 438), (310, 318), (310, 308), (310, 278), (310, 294), (54, 182), (54, 62), (311, 55), (311, 319), (311, 279), (55, 119), (55, 39), (320, 64), (320, 448), (320, 352), (320, 336), (320, 324), (320, 322), (64, 96), (64, 72), (64, 68), (64, 0), (321, 449), (321, 353), (321, 323), (65, 97), (65, 73), (65, 69), (65, 67), (65, 321), (322, 450), (322, 354), (322, 338), (322, 323), (66, 98), (66, 82), (66, 74), (66, 322), (66, 67), (323, 355), (323, 339), (323, 327), (323, 259), (67, 99), (67, 75), (67, 71), (67, 323), (67, 83), (324, 68), (324, 452), (324, 260), (324, 356), (324, 340), (324, 326), (68, 196), (68, 4), (68, 84), (68, 69), (68, 100), (325, 357), (325, 321), (69, 77), (69, 71), (69, 85), (69, 101), (326, 454), (326, 262), (326, 358), (326, 342), (326, 327), (326, 322), (70, 198), (70, 6), (70, 86), (70, 78), (70, 71), (70, 326), (70, 102), (70, 66), (71, 79), (71, 327), (71, 87), (71, 103), (336, 340), (80, 112), (80, 84), (80, 82), (80, 336), (80, 208), (80, 81), (80, 64), (337, 465), (337, 369), (337, 345), (337, 341), (337, 339), (337, 336), (81, 113), (81, 65), (81, 89), (81, 85), (81, 83), (81, 337), (81, 209), (338, 466), (338, 370), (338, 342), (338, 336), (82, 114), (82, 90), (82, 86), (82, 338), (82, 210), (339, 371), (339, 343), (339, 275), (83, 115), (83, 91), (83, 87), (83, 339), (83, 211), (83, 19), (340, 342), (340, 341), (84, 92), (84, 86), (84, 85), (84, 340), (84, 20), (84, 116), (341, 373), (341, 343), (85, 93), (86, 94), (86, 87), (86, 342), (86, 118), (343, 327), (87, 95), (87, 343), (87, 119), (87, 85), (352, 96), (352, 480), (352, 288), (352, 368), (352, 356), (352, 353), (96, 112), (96, 224), (353, 355), (97, 105), (97, 353), (354, 98), (354, 482), (354, 370), (354, 362), (354, 358), (354, 355), (98, 34), (98, 114), (98, 102), (98, 99), (98, 226), (355, 359), (99, 115), (99, 103), (99, 97), (99, 355), (99, 35), (356, 100), (356, 484), (356, 372), (100, 228), (100, 116), (100, 96), (357, 359), (357, 353), (101, 229), (101, 109), (101, 97), (358, 366), (358, 359), (102, 230), (102, 118), (102, 358), (102, 103), (359, 103), (359, 367), (359, 327), (103, 111), (368, 336), (112, 116), (112, 368), (369, 113), (369, 497), (369, 373), (369, 371), (369, 368), (113, 121), (113, 117), (113, 112), (113, 241), (113, 97), (113, 115), (370, 114), (370, 498), (370, 378), (370, 374), (370, 371), (370, 368), (114, 112), (114, 50), (371, 115), (371, 375), (371, 355), (372, 116), (372, 380), (372, 374), (372, 308), (372, 373), (372, 368), (116, 124), (116, 52), (116, 117), (373, 381), (117, 245), (117, 85), (117, 125), (117, 101), (374, 382), (374, 358), (118, 246), (118, 374), (118, 116), (118, 114), (375, 119), (375, 311), (375, 343), (375, 373), (375, 359), (119, 103), (119, 115), (384, 448), (384, 388), (384, 256), (128, 0), (128, 192), (128, 144), (128, 132), (128, 129), (128, 160), (385, 129), (385, 449), (385, 417), (385, 393), (385, 389), (385, 401), (385, 387), (129, 193), (129, 145), (129, 137), (129, 131), (386, 130), (386, 450), (386, 418), (386, 390), (386, 384), (386, 387), (130, 2), (130, 194), (130, 146), (130, 134), (130, 131), (130, 162), (130, 128), (387, 403), (131, 147), (388, 260), (132, 196), (132, 134), (132, 133), (132, 4), (389, 133), (389, 421), (389, 397), (389, 453), (133, 141), (133, 129), (133, 197), (133, 165), (390, 134), (390, 454), (390, 422), (390, 262), (390, 406), (390, 388), (390, 391), (134, 198), (134, 150), (134, 135), (134, 6), (134, 166), (391, 423), (391, 455), (391, 407), (391, 387), (135, 151), (135, 199), (135, 131), (135, 167), (400, 144), (400, 432), (400, 384), (400, 464), (400, 401), (400, 402), (144, 16), (144, 148), (144, 146), (144, 145), (144, 208), (144, 176), (401, 145), (401, 433), (401, 403), (402, 146), (402, 434), (402, 386), (402, 406), (402, 274), (402, 466), (146, 150), (146, 147), (146, 210), (146, 178), (147, 211), (147, 151), (147, 179), (147, 145), (404, 148), (404, 436), (404, 388), (404, 405), (404, 400), (148, 150), (148, 149), (148, 180), (148, 132), (405, 389), (405, 407), (405, 469), (405, 401), (149, 157), (149, 151), (149, 405), (149, 213), (149, 181), (149, 145), (149, 133), (406, 150), (406, 438), (406, 278), (150, 151), (150, 22), (150, 182), (407, 403), (151, 183), (416, 420), (416, 418), (416, 288), (416, 384), (416, 480), (160, 32), (160, 176), (160, 162), (160, 224), (417, 289), (417, 433), (161, 417), (161, 225), (418, 422), (418, 419), (418, 482), (162, 166), (162, 418), (162, 163), (419, 423), (419, 483), (419, 387), (419, 435), (419, 417), (163, 35), (163, 227), (163, 161), (420, 484), (420, 422), (420, 421), (420, 388), (164, 228), (164, 132), (164, 166), (164, 36), (164, 160), (421, 417), (165, 229), (165, 173), (165, 167), (165, 421), (165, 161), (422, 423), (166, 230), (166, 422), (166, 167), (423, 487), (423, 421), (167, 231), (167, 163), (432, 496), (432, 433), (432, 416), (432, 434), (176, 432), (176, 177), (176, 178), (177, 145), (177, 179), (177, 433), (177, 241), (177, 161), (434, 438), (178, 50), (178, 182), (178, 434), (178, 242), (178, 162), (435, 433), (435, 499), (435, 403), (179, 183), (179, 243), (179, 163), (436, 180), (436, 500), (436, 437), (436, 420), (436, 432), (180, 181), (180, 164), (180, 176), (437, 181), (437, 421), (437, 439), (437, 501), (437, 433), (181, 189), (181, 183), (181, 245), (181, 177), (181, 165), (438, 439), (182, 438), (182, 166), (439, 423), (439, 435), (183, 167), (448, 480), (448, 452), (448, 450), (448, 464), (192, 64), (192, 196), (192, 194), (192, 193), (192, 224), (449, 465), (449, 451), (193, 65), (193, 209), (193, 449), (193, 195), (450, 482), (450, 454), (450, 451), (194, 66), (194, 210), (194, 198), (194, 195), (194, 450), (194, 226), (451, 467), (195, 67), (195, 211), (452, 196), (452, 388), (196, 198), (196, 197), (196, 228), (453, 197), (453, 325), (453, 469), (453, 449), (197, 213), (197, 69), (197, 193), (454, 198), (454, 486), (454, 470), (454, 452), (454, 455), (198, 230), (455, 487), (455, 471), (455, 451), (199, 215), (199, 195), (199, 198), (464, 465), (208, 212), (208, 210), (208, 209), (208, 464), (208, 240), (465, 209), (209, 241), (466, 210), (466, 498), (466, 450), (466, 470), (466, 464), (210, 214), (210, 211), (210, 242), (467, 403), (467, 465), (211, 243), (211, 209), (468, 212), (468, 500), (468, 452), (468, 469), (468, 404), (468, 464), (212, 214), (212, 213), (212, 244), (212, 148), (469, 213), (469, 471), (469, 341), (469, 465), (213, 215), (213, 85), (213, 209), (470, 214), (470, 502), (470, 342), (214, 215), (214, 86), (214, 246), (214, 198), (471, 467), (215, 247), (215, 211), (480, 496), (480, 484), (480, 482), (224, 228), (481, 417), (481, 353), (481, 449), (481, 497), (225, 97), (225, 241), (225, 229), (225, 481), (482, 486), (482, 483), (226, 162), (226, 230), (226, 482), (226, 224), (226, 227), (483, 451), (483, 499), (483, 481), (227, 99), (227, 231), (227, 225), (484, 228), (484, 485), (484, 452), (228, 230), (485, 229), (485, 487), (485, 357), (485, 421), (485, 453), (485, 501), (485, 481), (229, 231), (486, 230), (486, 487), (486, 358), (486, 422), (486, 484), (230, 231), (487, 495), (487, 503), (487, 483), (231, 247), (496, 464), (240, 112), (240, 176), (240, 244), (240, 496), (240, 241), (240, 242), (497, 241), (497, 433), (497, 496), (498, 242), (498, 434), (498, 502), (498, 496), (498, 482), (242, 114), (242, 226), (499, 497), (243, 115), (243, 247), (243, 241), (243, 227), (500, 501), (500, 484), (500, 496), (244, 500), (244, 245), (244, 180), (501, 245), (501, 503), (501, 373), (501, 497), (245, 213), (245, 247), (245, 241), (245, 229), (502, 246), (502, 503), (502, 374), (502, 486), (246, 242), (246, 230), (503, 499), (8, 72), (8, 12), (8, 9), (8, 40), (8, 24), (264, 328), (264, 266), (9, 265), (9, 137), (9, 11), (9, 41), (265, 297), (265, 267), (10, 266), (10, 74), (10, 14), (10, 11), (10, 42), (266, 298), (266, 282), (266, 394), (266, 267), (11, 267), (11, 75), (11, 15), (11, 27), (11, 43), (267, 331), (267, 299), (267, 283), (12, 268), (12, 4), (268, 270), (268, 269), (13, 269), (13, 141), (13, 77), (13, 45), (13, 15), (13, 29), (13, 9), (269, 301), (14, 270), (14, 6), (270, 286), (15, 79), (15, 14), (271, 335), (271, 15), (271, 270), (24, 28), (24, 26), (24, 25), (24, 88), (280, 282), (280, 408), (280, 344), (280, 281), (25, 89), (25, 9), (25, 27), (281, 283), (281, 25), (26, 282), (26, 10), (26, 30), (26, 27), (282, 314), (282, 410), (27, 91), (27, 31), (27, 59), (283, 347), (283, 27), (28, 284), (28, 12), (28, 29), (28, 20), (284, 286), (284, 285), (29, 285), (29, 93), (29, 31), (29, 25), (285, 287), (30, 286), (30, 62), (30, 14), (30, 28), (31, 15), (287, 31), (287, 286), (287, 271), (40, 44), (296, 297), (296, 424), (296, 264), (296, 288), (297, 299), (297, 41), (42, 298), (42, 46), (42, 43), (298, 299), (298, 426), (43, 299), (43, 171), (43, 59), (43, 47), (43, 41), (44, 36), (300, 44), (45, 301), (45, 61), (45, 41), (46, 38), (302, 46), (302, 430), (302, 303), (302, 294), (47, 303), (47, 46), (47, 15), (47, 111), (47, 39), (303, 271), (303, 319), (303, 301), (56, 60), (56, 58), (56, 57), (312, 314), (312, 313), (312, 440), (312, 280), (312, 304), (57, 313), (57, 25), (57, 61), (57, 121), (57, 41), (57, 59), (313, 297), (313, 315), (313, 377), (58, 314), (58, 122), (58, 62), (314, 378), (314, 298), (315, 299), (315, 59), (315, 314), (315, 307), (60, 316), (60, 62), (60, 28), (60, 61), (60, 52), (316, 284), (316, 308), (61, 125), (317, 381), (317, 301), (317, 319), (317, 316), (317, 61), (318, 62), (318, 286), (318, 316), (318, 302), (63, 319), (63, 127), (63, 59), (63, 47), (63, 55), (72, 76), (72, 73), (328, 344), (328, 330), (328, 332), (73, 75), (73, 89), (329, 321), (329, 331), (74, 78), (74, 75), (74, 106), (330, 362), (330, 346), (330, 74), (330, 458), (330, 266), (330, 334), (330, 331), (75, 79), (75, 91), (76, 332), (76, 12), (76, 92), (76, 68), (332, 268), (332, 334), (332, 333), (77, 333), (77, 79), (77, 93), (77, 73), (333, 329), (333, 325), (333, 269), (78, 334), (78, 14), (78, 94), (78, 79), (334, 270), (334, 366), (334, 350), (334, 335), (88, 72), (88, 92), (88, 90), (88, 89), (88, 80), (344, 345), (89, 91), (345, 377), (345, 347), (345, 89), (345, 281), (345, 349), (90, 74), (90, 94), (90, 91), (346, 378), (346, 90), (346, 350), (346, 344), (347, 91), (347, 475), (347, 331), (92, 124), (92, 93), (348, 380), (348, 344), (348, 350), (348, 349), (348, 92), (348, 332), (93, 125), (93, 89), (349, 381), (349, 351), (349, 93), (349, 285), (349, 341), (94, 350), (94, 126), (94, 30), (94, 92), (350, 382), (350, 351), (350, 286), (95, 351), (95, 127), (95, 79), (95, 31), (95, 91), (95, 93), (351, 479), (351, 287), (351, 335), (104, 40), (104, 72), (104, 120), (104, 108), (360, 296), (360, 376), (360, 488), (360, 364), (360, 328), (360, 352), (105, 121), (361, 363), (361, 329), (361, 377), (361, 353), (361, 365), (361, 360), (361, 489), (106, 122), (106, 107), (362, 378), (362, 106), (362, 366), (107, 235), (107, 123), (107, 111), (107, 105), (107, 43), (363, 299), (363, 331), (363, 379), (363, 491), (363, 355), (363, 362), (108, 364), (108, 124), (108, 76), (108, 100), (364, 380), (364, 492), (364, 332), (364, 356), (109, 237), (109, 45), (109, 125), (109, 77), (109, 105), (365, 301), (365, 367), (365, 333), (365, 381), (365, 357), (365, 109), (110, 366), (110, 126), (110, 46), (110, 111), (110, 78), (110, 102), (110, 106), (366, 382), (366, 302), (366, 367), (111, 79), (367, 303), (367, 335), (120, 124), (120, 122), (120, 121), (120, 56), (376, 378), (376, 377), (376, 504), (376, 344), (376, 380), (376, 312), (376, 368), (121, 89), (121, 123), (377, 379), (377, 121), (377, 369), (377, 381), (122, 126), (378, 379), (378, 122), (378, 506), (378, 382), (123, 91), (123, 127), (379, 123), (379, 507), (379, 347), (379, 371), (124, 380), (124, 125), (380, 381), (125, 121), (381, 125), (126, 382), (126, 62), (126, 124), (126, 118), (382, 318), (382, 380), (127, 111), (127, 119), (383, 367), (383, 127), (383, 319), (383, 381), (383, 351), (383, 375), (136, 140), (136, 138), (136, 137), (136, 168), (136, 128), (392, 264), (392, 456), (392, 394), (392, 136), (392, 408), (392, 384), (137, 169), (393, 265), (393, 395), (138, 394), (138, 142), (138, 170), (138, 130), (394, 426), (394, 410), (394, 395), (394, 386), (139, 395), (139, 155), (139, 143), (139, 137), (139, 11), (139, 171), (139, 131), (139, 138), (395, 267), (395, 459), (395, 387), (140, 142), (140, 172), (396, 268), (396, 460), (396, 428), (396, 392), (396, 398), (396, 397), (396, 140), (396, 412), (141, 157), (141, 205), (141, 173), (141, 137), (397, 269), (397, 461), (142, 398), (142, 158), (142, 174), (142, 143), (398, 270), (398, 430), (398, 399), (398, 414), (143, 399), (143, 159), (143, 15), (143, 175), (399, 271), (152, 408), (152, 154), (152, 153), (152, 216), (152, 184), (152, 136), (152, 144), (408, 400), (153, 157), (153, 155), (153, 145), (153, 137), (409, 281), (409, 411), (409, 408), (409, 401), (409, 393), (154, 410), (154, 158), (154, 155), (154, 186), (154, 138), (154, 146), (410, 442), (410, 408), (410, 474), (410, 402), (155, 159), (155, 147), (411, 283), (411, 475), (411, 443), (411, 155), (411, 403), (156, 412), (156, 220), (156, 158), (156, 188), (156, 157), (156, 140), (156, 152), (412, 284), (412, 476), (412, 408), (412, 413), (157, 221), (157, 189), (413, 285), (413, 415), (413, 405), (413, 397), (414, 286), (414, 415), (414, 158), (159, 415), (159, 157), (159, 191), (415, 287), (168, 170), (168, 184), (424, 440), (424, 426), (424, 425), (424, 168), (424, 488), (424, 392), (424, 416), (169, 171), (169, 41), (169, 161), (425, 297), (425, 427), (425, 489), (425, 441), (425, 417), (425, 393), (170, 426), (170, 174), (170, 186), (170, 171), (426, 418), (171, 175), (171, 235), (427, 299), (427, 171), (427, 443), (427, 491), (427, 395), (427, 419), (427, 426), (172, 236), (172, 174), (172, 188), (172, 168), (428, 300), (428, 492), (428, 444), (428, 424), (428, 430), (428, 172), (428, 420), (173, 175), (173, 45), (173, 169), (429, 301), (429, 431), (429, 445), (429, 421), (174, 430), (430, 422), (175, 431), (175, 191), (175, 174), (175, 47), (431, 303), (431, 495), (431, 430), (431, 447), (431, 423), (184, 440), (184, 188), (184, 248), (184, 185), (184, 186), (440, 504), (440, 408), (440, 444), (440, 432), (185, 189), (185, 187), (185, 249), (185, 177), (185, 169), (441, 313), (441, 443), (441, 505), (441, 433), (441, 409), (441, 440), (186, 442), (186, 190), (442, 314), (442, 440), (442, 506), (442, 434), (187, 443), (187, 191), (187, 251), (187, 171), (443, 315), (443, 442), (443, 507), (443, 435), (188, 444), (188, 252), (188, 189), (444, 316), (444, 508), (444, 412), (444, 445), (444, 436), (189, 191), (189, 173), (445, 317), (445, 447), (445, 509), (445, 437), (190, 446), (190, 158), (190, 174), (446, 318), (446, 414), (446, 438), (191, 447), (447, 319), (447, 439), (200, 204), (200, 202), (200, 201), (200, 136), (456, 328), (456, 458), (456, 200), (201, 217), (201, 205), (201, 73), (201, 233), (201, 193), (201, 203), (457, 329), (457, 449), (457, 459), (202, 218), (202, 203), (458, 202), (458, 474), (458, 462), (458, 459), (203, 459), (203, 219), (203, 207), (203, 75), (203, 139), (203, 235), (459, 331), (459, 491), (459, 475), (459, 463), (204, 460), (204, 206), (204, 140), (204, 236), (460, 332), (460, 461), (460, 476), (205, 221), (205, 77), (205, 237), (205, 197), (461, 333), (461, 453), (206, 222), (206, 238), (206, 207), (206, 202), (462, 334), (462, 494), (462, 463), (462, 206), (462, 478), (462, 460), (207, 463), (207, 79), (207, 239), (463, 335), (463, 495), (463, 479), (216, 220), (216, 218), (216, 217), (216, 248), (472, 344), (472, 408), (472, 504), (472, 456), (472, 216), (472, 474), (217, 221), (217, 209), (217, 249), (473, 345), (473, 475), (473, 472), (473, 465), (218, 474), (218, 154), (218, 222), (218, 250), (474, 346), (474, 506), (219, 475), (219, 223), (219, 155), (219, 217), (219, 218), (219, 251), (475, 479), (220, 476), (220, 222), (220, 252), (220, 221), (476, 348), (221, 223), (221, 213), (221, 253), (477, 349), (477, 413), (477, 479), (477, 469), (477, 476), (478, 350), (478, 510), (478, 474), (478, 479), (478, 222), (223, 479), (223, 255), (223, 207), (232, 168), (232, 200), (232, 236), (232, 234), (232, 248), (488, 504), (488, 490), (488, 489), (488, 232), (488, 480), (233, 169), (233, 249), (233, 235), (233, 105), (233, 225), (489, 491), (489, 481), (489, 457), (234, 490), (234, 170), (234, 202), (234, 238), (234, 250), (234, 235), (490, 362), (490, 426), (490, 506), (490, 491), (490, 494), (490, 482), (235, 491), (235, 251), (235, 239), (491, 495), (491, 483), (236, 492), (236, 238), (236, 252), (236, 228), (492, 508), (492, 460), (492, 484), (237, 253), (237, 239), (237, 229), (237, 233), (493, 365), (493, 495), (493, 509), (493, 485), (493, 461), (238, 494), (238, 254), (238, 239), (238, 230), (494, 366), (494, 510), (494, 492), (494, 495), (494, 486), (239, 495), (239, 255), (239, 111), (239, 175), (239, 231), (495, 367), (495, 511), (248, 504), (248, 252), (248, 249), (248, 250), (504, 496), (504, 506), (249, 253), (249, 251), (249, 241), (505, 377), (505, 489), (505, 507), (505, 497), (505, 504), (250, 506), (250, 186), (250, 254), (506, 507), (506, 510), (506, 498), (251, 507), (251, 255), (507, 491), (507, 511), (507, 499), (252, 508), (252, 253), (252, 244), (508, 380), (508, 476), (508, 500), (253, 189), (253, 255), (253, 245), (509, 381), (509, 511), (509, 508), (509, 501), (254, 222), (254, 246), (510, 382), (510, 254), (510, 502), (255, 247), (511, 383), (511, 255), (511, 503)]
----------- STATS -----------
Algorithm used: Algorithm.EDGES
Runtime: 80.61691117286682seconds
Number of Iterations: 2
Number of Rows in Final Cycle Matrix: 2077
History of Number of Rows in the Cycle Matrix: [2076, 2077]
Number of Constraints in Final Iteration: 26837
History of Constraint Nums: [26836, 26837]
Number of Prefs Removed (size of minFBPS): 256
Minimum Feedback Pref Set: [0, 2, 8, 9, 10, 11, 12, 13, 15, 16, 17, 18, 19, 21, 22, 23, 25, 27, 29, 30, 33, 34, 35, 37, 38, 39, 41, 42, 43, 44, 45, 46, 47, 48, 49, 50, 51, 52, 53, 54, 55, 56, 57, 59, 60, 61, 62, 64, 65, 66, 69, 72, 74, 75, 80, 81, 82, 83, 84, 87, 89, 91, 92, 93, 96, 97, 98, 101, 103, 105, 106, 107, 108, 110, 111, 113, 114, 116, 117, 118, 119, 120, 122, 123, 124, 126, 128, 129, 135, 136, 137, 145, 146, 147, 149, 154, 156, 157, 165, 172, 173, 174, 179, 181, 182, 184, 187, 189, 190, 191, 192, 193, 194, 196, 198, 200, 201, 207, 208, 209, 210, 211, 212, 213, 214, 215, 216, 217, 218, 219, 220, 221, 222, 223, 224, 225, 226, 227, 229, 230, 233, 234, 238, 243, 244, 245, 246, 247, 248, 249, 250, 251, 252, 254, 259, 260, 261, 262, 263, 264, 265, 266, 267, 268, 269, 270, 273, 277, 284, 285, 286, 287, 288, 289, 290, 292, 296, 300, 306, 307, 310, 311, 314, 316, 317, 318, 320, 322, 325, 326, 327, 329, 331, 332, 333, 335, 336, 337, 339, 340, 341, 344, 358, 362, 363, 364, 365, 370, 372, 373, 395, 397, 398, 399, 400, 401, 402, 403, 404, 405, 407, 408, 409, 412, 413, 414, 416, 417, 418, 419, 422, 424, 425, 427, 429, 430, 431, 433, 434, 437, 441, 443, 444, 445, 446, 448, 449, 450, 452, 453, 454, 456, 457, 460, 463, 464]
Number of Edges Removed: 1720
Feedback Edge Set: [(256, 0), (256, 320), (256, 288), (256, 260), (256, 258), (0, 64), (0, 4), (257, 289), (257, 261), (257, 259), (1, 33), (1, 5), (1, 3), (258, 2), (258, 322), (258, 290), (258, 262), (258, 259), (2, 66), (2, 6), (2, 3), (259, 3), (259, 323), (259, 291), (259, 263), (3, 67), (3, 35), (3, 7), (260, 4), (260, 292), (260, 262), (4, 5), (261, 325), (261, 293), (5, 69), (5, 7), (5, 37), (262, 6), (262, 294), (262, 263), (6, 7), (263, 7), (263, 295), (7, 39), (272, 16), (272, 304), (272, 276), (272, 274), (272, 273), (16, 48), (16, 20), (16, 18), (16, 17), (273, 277), (273, 275), (17, 1), (17, 21), (17, 19), (274, 18), (274, 306), (274, 278), (274, 338), (274, 258), (18, 50), (18, 22), (18, 82), (275, 19), (275, 339), (275, 279), (275, 259), (19, 83), (19, 3), (19, 23), (276, 20), (276, 308), (276, 278), (276, 277), (20, 22), (20, 21), (277, 341), (277, 279), (21, 85), (21, 5), (21, 23), (278, 22), (278, 310), (278, 262), (22, 23), (279, 23), (279, 263), (23, 7), (288, 32), (288, 292), (288, 289), (288, 352), (32, 36), (32, 96), (32, 0), (289, 293), (289, 291), (33, 37), (33, 35), (290, 34), (290, 294), (290, 291), (290, 354), (34, 38), (34, 98), (34, 35), (34, 2), (291, 35), (291, 355), (291, 295), (35, 99), (35, 39), (292, 36), (36, 4), (293, 295), (294, 38), (294, 295), (38, 6), (38, 39), (295, 39), (304, 48), (304, 368), (304, 308), (304, 306), (304, 305), (48, 112), (48, 52), (48, 50), (48, 49), (305, 309), (305, 307), (305, 273), (49, 53), (49, 33), (49, 51), (306, 50), (306, 370), (306, 310), (306, 307), (306, 290), (50, 114), (50, 54), (307, 51), (307, 311), (307, 275), (307, 291), (51, 55), (51, 35), (308, 52), (308, 310), (308, 309), (52, 54), (52, 53), (309, 373), (309, 311), (309, 277), (53, 117), (53, 21), (53, 37), (310, 54), (310, 294), (311, 55), (311, 279), (311, 295), (55, 23), (55, 39), (320, 64), (320, 352), (320, 324), (320, 322), (64, 68), (321, 353), (321, 325), (321, 257), (321, 323), (65, 97), (65, 69), (65, 67), (65, 1), (65, 321), (322, 66), (322, 354), (322, 326), (322, 323), (66, 70), (66, 67), (323, 67), (323, 355), (323, 327), (67, 99), (67, 71), (324, 68), (324, 260), (324, 356), (324, 326), (68, 4), (68, 69), (325, 357), (69, 71), (69, 101), (326, 70), (326, 262), (326, 358), (326, 327), (70, 6), (70, 71), (327, 71), (327, 359), (71, 103), (336, 80), (336, 368), (336, 340), (336, 338), (336, 337), (336, 320), (80, 112), (80, 84), (80, 82), (80, 81), (80, 64), (337, 369), (337, 341), (337, 339), (81, 113), (81, 65), (81, 85), (81, 83), (81, 337), (338, 82), (338, 370), (338, 342), (338, 322), (82, 114), (82, 86), (82, 66), (339, 83), (339, 371), (339, 343), (339, 323), (83, 115), (83, 67), (83, 87), (340, 84), (340, 342), (340, 276), (340, 341), (340, 324), (84, 86), (84, 85), (84, 20), (84, 68), (341, 373), (341, 343), (85, 69), (85, 87), (85, 117), (342, 86), (342, 326), (86, 87), (86, 70), (343, 87), (343, 375), (343, 279), (343, 327), (87, 71), (87, 23), (87, 119), (352, 96), (352, 356), (352, 353), (96, 100), (96, 64), (353, 357), (353, 355), (353, 289), (97, 101), (97, 33), (97, 353), (97, 99), (354, 98), (354, 358), (354, 355), (98, 102), (98, 99), (98, 66), (355, 99), (355, 359), (99, 103), (356, 100), (100, 68), (357, 359), (358, 102), (358, 359), (102, 70), (102, 103), (359, 103), (359, 295), (103, 39), (368, 112), (368, 372), (368, 370), (368, 369), (368, 352), (112, 116), (112, 114), (112, 113), (112, 96), (369, 305), (369, 373), (369, 371), (113, 49), (113, 117), (113, 369), (113, 97), (113, 115), (370, 114), (370, 374), (370, 371), (370, 354), (114, 118), (114, 98), (371, 115), (371, 375), (371, 355), (115, 119), (115, 99), (372, 116), (372, 374), (372, 308), (372, 373), (372, 356), (116, 84), (116, 118), (116, 52), (116, 117), (116, 100), (373, 375), (117, 101), (374, 118), (374, 358), (118, 86), (118, 102), (375, 119), (375, 311), (375, 359), (119, 55), (119, 103), (384, 416), (384, 388), (384, 386), (384, 256), (128, 0), (128, 132), (128, 130), (128, 129), (128, 160), (385, 129), (385, 417), (385, 389), (385, 257), (385, 387), (129, 1), (129, 133), (129, 131), (386, 130), (386, 418), (386, 390), (386, 258), (386, 387), (130, 2), (130, 134), (130, 131), (130, 162), (387, 419), (387, 391), (131, 3), (131, 135), (388, 420), (388, 390), (388, 260), (132, 134), (132, 133), (132, 4), (132, 164), (389, 133), (389, 261), (133, 5), (390, 134), (390, 422), (390, 262), (390, 391), (134, 135), (134, 6), (134, 166), (391, 455), (135, 199), (400, 144), (400, 384), (400, 404), (400, 401), (400, 402), (144, 16), (144, 148), (144, 146), (144, 145), (144, 128), (401, 145), (401, 433), (401, 385), (401, 405), (401, 403), (401, 273), (145, 17), (145, 149), (145, 147), (145, 177), (145, 129), (402, 146), (402, 386), (402, 406), (402, 274), (146, 18), (146, 150), (146, 147), (146, 130), (403, 435), (403, 387), (403, 407), (147, 19), (147, 151), (147, 179), (147, 131), (404, 148), (404, 388), (404, 405), (148, 150), (148, 149), (148, 132), (405, 149), (405, 389), (405, 407), (405, 277), (149, 151), (149, 21), (149, 133), (406, 150), (406, 390), (406, 278), (150, 151), (150, 22), (150, 134), (407, 391), (151, 135), (416, 420), (416, 418), (416, 288), (160, 32), (160, 164), (160, 162), (417, 161), (417, 421), (417, 419), (417, 289), (161, 33), (161, 165), (161, 163), (418, 162), (418, 422), (418, 290), (418, 419), (162, 34), (162, 166), (162, 163), (419, 423), (163, 35), (163, 167), (420, 422), (420, 421), (420, 292), (164, 166), (164, 36), (421, 165), (421, 423), (421, 293), (421, 389), (165, 133), (165, 167), (165, 37), (422, 166), (422, 423), (422, 294), (166, 38), (166, 167), (423, 487), (423, 391), (167, 231), (167, 135), (432, 176), (432, 436), (432, 400), (432, 433), (432, 416), (432, 434), (176, 48), (176, 144), (176, 180), (176, 177), (176, 160), (176, 178), (433, 177), (433, 417), (433, 437), (433, 435), (433, 305), (177, 49), (177, 181), (177, 179), (177, 161), (434, 178), (434, 438), (434, 306), (434, 402), (178, 50), (178, 146), (178, 182), (178, 162), (435, 419), (435, 439), (179, 51), (179, 183), (179, 163), (436, 180), (436, 437), (436, 404), (436, 420), (180, 148), (180, 181), (180, 164), (437, 181), (437, 421), (437, 439), (437, 309), (181, 149), (181, 183), (181, 53), (181, 165), (438, 182), (438, 439), (438, 310), (438, 406), (182, 150), (182, 54), (182, 166), (439, 423), (183, 151), (183, 167), (448, 452), (448, 450), (448, 320), (448, 384), (192, 64), (192, 196), (192, 194), (192, 193), (192, 128), (449, 193), (449, 481), (449, 453), (449, 321), (449, 385), (449, 451), (193, 65), (193, 197), (193, 129), (193, 195), (450, 194), (450, 454), (450, 322), (450, 386), (450, 451), (194, 66), (194, 198), (194, 195), (194, 130), (451, 483), (451, 455), (195, 67), (195, 199), (452, 484), (452, 454), (452, 324), (452, 388), (196, 198), (196, 197), (196, 68), (196, 132), (196, 228), (196, 452), (453, 197), (453, 389), (453, 485), (453, 325), (197, 133), (197, 69), (454, 198), (454, 486), (454, 326), (454, 390), (454, 455), (198, 199), (198, 70), (198, 134), (198, 230), (455, 487), (464, 208), (464, 400), (464, 448), (464, 468), (464, 465), (464, 466), (208, 80), (208, 144), (208, 212), (208, 210), (208, 209), (465, 209), (465, 449), (465, 469), (465, 467), (465, 337), (209, 81), (209, 213), (209, 211), (209, 193), (466, 210), (466, 402), (466, 450), (466, 470), (466, 338), (210, 82), (210, 146), (210, 214), (210, 211), (210, 194), (467, 451), (467, 471), (467, 403), (211, 83), (211, 215), (211, 147), (211, 195), (468, 212), (468, 452), (468, 469), (468, 404), (212, 214), (212, 213), (212, 148), (469, 213), (469, 405), (469, 453), (469, 471), (469, 341), (213, 149), (213, 215), (213, 85), (213, 197), (470, 214), (470, 454), (470, 342), (214, 215), (214, 86), (214, 198), (471, 455), (215, 199), (480, 416), (480, 484), (480, 482), (480, 352), (480, 448), (224, 96), (224, 160), (224, 192), (224, 228), (224, 226), (481, 225), (481, 417), (481, 485), (481, 483), (481, 353), (225, 97), (225, 161), (225, 229), (225, 227), (482, 226), (482, 418), (482, 486), (482, 354), (482, 450), (482, 483), (226, 98), (226, 162), (226, 194), (226, 230), (226, 227), (483, 419), (483, 487), (227, 99), (227, 163), (227, 231), (484, 486), (484, 485), (484, 356), (484, 420), (228, 230), (228, 100), (228, 164), (228, 484), (485, 229), (485, 487), (485, 357), (485, 421), (229, 231), (229, 101), (229, 165), (486, 230), (486, 487), (486, 358), (486, 422), (230, 102), (230, 166), (230, 231), (496, 240), (496, 432), (496, 500), (496, 464), (496, 497), (496, 480), (496, 498), (240, 112), (240, 176), (240, 208), (240, 244), (240, 241), (240, 242), (497, 241), (497, 433), (497, 481), (497, 501), (497, 499), (497, 369), (241, 113), (241, 177), (241, 209), (241, 245), (241, 243), (241, 225), (498, 242), (498, 434), (498, 502), (498, 370), (498, 466), (498, 482), (242, 114), (242, 178), (242, 210), (242, 246), (242, 226), (499, 435), (499, 483), (499, 503), (243, 115), (243, 179), (243, 211), (243, 247), (243, 227), (500, 244), (500, 501), (500, 468), (500, 436), (500, 484), (244, 212), (244, 245), (244, 180), (501, 245), (501, 437), (501, 485), (501, 503), (501, 373), (245, 181), (245, 213), (245, 247), (245, 117), (245, 229), (502, 246), (502, 503), (502, 374), (502, 470), (502, 486), (246, 214), (246, 118), (246, 230), (503, 487), (247, 215), (247, 231), (8, 72), (8, 12), (8, 9), (264, 328), (264, 266), (9, 13), (9, 11), (9, 1), (9, 41), (265, 297), (265, 257), (265, 9), (265, 267), (10, 74), (10, 14), (10, 11), (266, 330), (266, 10), (266, 267), (11, 75), (11, 15), (11, 43), (267, 331), (267, 299), (267, 11), (12, 4), (268, 270), (268, 269), (268, 12), (13, 77), (13, 45), (13, 15), (13, 5), (269, 333), (269, 301), (269, 261), (269, 13), (14, 15), (14, 6), (270, 271), (270, 14), (15, 47), (15, 7), (271, 303), (271, 15), (24, 8), (24, 28), (24, 26), (24, 25), (24, 88), (280, 312), (280, 282), (280, 344), (280, 281), (25, 9), (25, 29), (25, 27), (25, 17), (281, 283), (281, 25), (281, 273), (26, 10), (26, 30), (26, 27), (282, 314), (282, 26), (282, 266), (27, 91), (27, 11), (27, 31), (283, 347), (283, 27), (283, 267), (28, 60), (28, 12), (28, 30), (28, 29), (28, 20), (284, 316), (284, 286), (284, 285), (284, 28), (29, 93), (29, 13), (29, 31), (29, 21), (285, 349), (285, 287), (285, 29), (285, 277), (30, 62), (30, 14), (30, 22), (286, 318), (286, 287), (286, 30), (286, 270), (31, 15), (31, 23), (287, 31), (287, 271), (40, 8), (40, 44), (40, 104), (296, 297), (296, 360), (296, 264), (296, 288), (41, 45), (41, 33), (41, 43), (297, 299), (297, 289), (297, 41), (42, 10), (42, 46), (42, 43), (298, 299), (298, 42), (298, 266), (298, 290), (43, 107), (43, 47), (299, 363), (299, 43), (299, 291), (44, 36), (300, 44), (300, 292), (45, 109), (45, 37), (301, 303), (301, 365), (301, 293), (301, 45), (46, 47), (46, 38), (302, 46), (302, 303), (302, 294), (47, 39), (303, 47), (303, 295), (56, 120), (56, 60), (56, 58), (56, 57), (312, 376), (312, 314), (312, 313), (312, 304), (57, 25), (57, 61), (57, 49), (57, 41), (57, 59), (313, 297), (313, 315), (313, 57), (313, 305), (58, 122), (58, 62), (314, 378), (314, 315), (314, 58), (314, 298), (314, 306), (59, 27), (59, 63), (59, 43), (315, 299), (315, 59), (315, 307), (60, 62), (60, 61), (60, 52), (316, 318), (316, 317), (316, 60), (316, 308), (61, 125), (61, 53), (61, 45), (317, 381), (317, 301), (317, 319), (317, 61), (317, 309), (62, 54), (318, 62), (318, 302), (318, 310), (63, 47), (63, 55), (319, 303), (319, 63), (319, 311), (72, 76), (72, 73), (72, 64), (328, 330), (328, 332), (73, 77), (73, 75), (73, 65), (329, 361), (329, 321), (329, 333), (329, 331), (74, 78), (74, 75), (74, 66), (330, 74), (330, 334), (330, 331), (75, 79), (75, 67), (331, 363), (76, 12), (76, 68), (332, 268), (332, 334), (332, 333), (332, 76), (77, 109), (77, 79), (77, 69), (333, 365), (333, 325), (333, 77), (78, 14), (78, 79), (78, 70), (334, 270), (334, 335), (334, 78), (79, 111), (79, 15), (79, 71), (335, 367), (335, 271), (88, 72), (88, 92), (88, 90), (88, 89), (88, 80), (344, 376), (344, 346), (344, 348), (344, 345), (344, 328), (89, 73), (89, 93), (89, 91), (89, 25), (89, 121), (89, 81), (345, 377), (345, 347), (345, 89), (345, 281), (345, 337), (345, 349), (90, 74), (90, 94), (90, 91), (90, 82), (346, 378), (346, 90), (346, 350), (346, 330), (91, 75), (91, 95), (91, 123), (91, 83), (347, 379), (347, 91), (347, 331), (92, 76), (92, 94), (92, 93), (92, 84), (348, 350), (348, 349), (348, 92), (348, 332), (93, 125), (93, 77), (93, 95), (93, 85), (349, 381), (349, 351), (349, 93), (349, 341), (94, 78), (94, 30), (94, 86), (350, 351), (350, 94), (350, 286), (350, 334), (95, 127), (95, 79), (95, 31), (95, 87), (351, 383), (351, 95), (351, 287), (351, 335), (104, 72), (104, 108), (360, 361), (360, 364), (360, 328), (360, 352), (105, 109), (105, 97), (105, 107), (361, 363), (361, 353), (361, 365), (106, 74), (106, 110), (106, 107), (362, 363), (362, 106), (362, 366), (362, 330), (362, 354), (107, 111), (363, 355), (108, 76), (108, 100), (364, 108), (364, 332), (364, 356), (109, 101), (365, 367), (365, 357), (365, 109), (110, 46), (110, 111), (110, 78), (110, 102), (366, 110), (366, 302), (366, 367), (366, 334), (366, 358), (111, 47), (111, 103), (367, 303), (367, 359), (120, 124), (120, 122), (120, 121), (120, 104), (376, 378), (376, 377), (376, 380), (376, 360), (376, 368), (121, 57), (121, 125), (121, 113), (121, 105), (121, 123), (377, 313), (377, 361), (377, 379), (377, 121), (377, 369), (377, 381), (122, 126), (122, 106), (378, 379), (378, 122), (378, 382), (378, 362), (378, 370), (123, 127), (123, 107), (379, 363), (379, 123), (379, 371), (124, 126), (124, 92), (124, 125), (124, 108), (124, 116), (380, 382), (380, 348), (380, 381), (380, 124), (380, 364), (380, 372), (125, 117), (125, 109), (381, 365), (381, 383), (381, 125), (381, 373), (126, 62), (126, 94), (126, 110), (126, 118), (382, 126), (382, 318), (382, 350), (382, 366), (382, 374), (127, 63), (127, 111), (127, 119), (383, 367), (383, 127), (383, 319), (383, 375), (136, 140), (136, 138), (136, 137), (136, 168), (136, 128), (392, 264), (392, 424), (392, 394), (392, 136), (392, 396), (392, 384), (137, 141), (137, 9), (137, 169), (137, 129), (137, 139), (393, 265), (393, 425), (393, 385), (393, 395), (138, 142), (138, 139), (138, 170), (138, 130), (394, 266), (394, 426), (394, 138), (394, 395), (394, 386), (139, 143), (139, 11), (139, 171), (139, 131), (395, 267), (395, 427), (395, 139), (395, 387), (140, 142), (140, 172), (396, 268), (396, 428), (396, 398), (396, 397), (396, 140), (141, 13), (141, 133), (397, 269), (397, 389), (142, 174), (142, 143), (398, 270), (398, 430), (398, 399), (398, 142), (143, 15), (399, 271), (399, 143), (152, 156), (152, 154), (152, 153), (152, 136), (152, 144), (408, 280), (408, 392), (408, 152), (408, 412), (408, 409), (408, 400), (408, 410), (153, 157), (153, 155), (153, 145), (153, 137), (409, 281), (409, 441), (409, 411), (409, 401), (409, 393), (154, 158), (154, 155), (154, 138), (154, 146), (410, 282), (410, 394), (410, 154), (410, 402), (155, 159), (155, 139), (155, 147), (411, 283), (411, 443), (411, 155), (411, 403), (156, 158), (156, 157), (156, 140), (412, 284), (412, 396), (412, 413), (412, 156), (157, 159), (157, 149), (157, 141), (413, 285), (413, 415), (413, 405), (413, 397), (158, 142), (414, 286), (414, 398), (414, 415), (414, 158), (159, 143), (415, 287), (415, 159), (168, 172), (168, 170), (424, 296), (424, 426), (424, 425), (424, 168), (424, 428), (424, 416), (169, 173), (169, 171), (169, 41), (169, 161), (425, 297), (425, 427), (425, 417), (170, 174), (170, 171), (426, 298), (426, 427), (426, 170), (426, 418), (171, 175), (171, 43), (427, 299), (427, 171), (427, 419), (172, 174), (428, 300), (428, 430), (428, 172), (428, 420), (173, 141), (173, 175), (173, 45), (173, 165), (429, 301), (429, 431), (429, 421), (174, 175), (430, 302), (430, 174), (430, 431), (430, 422), (175, 239), (175, 143), (175, 47), (431, 303), (431, 495), (431, 175), (431, 423), (184, 152), (184, 168), (184, 188), (184, 185), (184, 186), (440, 312), (440, 441), (440, 184), (440, 408), (440, 444), (440, 424), (440, 432), (440, 442), (185, 189), (185, 187), (185, 177), (185, 169), (441, 313), (441, 425), (441, 443), (441, 433), (186, 154), (186, 170), (186, 190), (442, 314), (442, 443), (442, 186), (442, 410), (442, 434), (187, 191), (187, 171), (443, 315), (443, 427), (443, 187), (443, 435), (188, 156), (188, 172), (188, 189), (444, 316), (444, 188), (444, 412), (444, 445), (444, 428), (444, 436), (189, 157), (189, 191), (189, 181), (189, 173), (445, 317), (445, 429), (445, 447), (445, 437), (190, 158), (190, 174), (446, 318), (446, 190), (446, 414), (446, 438), (191, 159), (191, 175), (447, 319), (447, 431), (447, 191), (447, 439), (200, 204), (200, 202), (200, 201), (200, 136), (456, 328), (456, 458), (456, 200), (456, 392), (201, 205), (201, 73), (201, 233), (201, 193), (201, 203), (457, 329), (457, 489), (457, 449), (457, 459), (202, 206), (202, 203), (458, 330), (458, 202), (458, 462), (458, 459), (203, 207), (203, 75), (203, 139), (203, 235), (459, 331), (459, 491), (459, 203), (459, 395), (459, 463), (204, 206), (204, 140), (204, 236), (460, 332), (460, 492), (460, 462), (460, 461), (460, 204), (460, 396), (205, 141), (205, 77), (205, 237), (205, 197), (461, 333), (461, 397), (461, 493), (461, 453), (206, 238), (206, 207), (462, 334), (462, 494), (462, 463), (462, 206), (207, 79), (207, 239), (463, 335), (463, 495), (463, 207), (216, 152), (216, 220), (216, 218), (216, 217), (472, 344), (472, 408), (472, 456), (472, 216), (472, 473), (472, 474), (217, 221), (217, 219), (217, 209), (217, 201), (473, 345), (473, 475), (473, 465), (218, 154), (218, 222), (218, 219), (218, 202), (474, 346), (474, 410), (474, 458), (474, 218), (474, 478), (219, 223), (219, 155), (219, 203), (475, 347), (475, 219), (475, 411), (475, 479), (475, 459), (220, 222), (220, 221), (220, 156), (476, 348), (476, 460), (476, 477), (476, 220), (476, 412), (221, 157), (221, 223), (221, 213), (221, 205), (477, 349), (477, 413), (477, 479), (477, 469), (222, 206), (478, 350), (478, 462), (478, 479), (478, 222), (223, 207), (479, 351), (479, 223), (479, 463), (232, 168), (232, 200), (232, 236), (232, 234), (488, 360), (488, 424), (488, 490), (488, 489), (488, 232), (488, 480), (233, 169), (233, 237), (233, 235), (233, 105), (233, 225), (489, 361), (489, 425), (489, 491), (489, 481), (234, 170), (234, 202), (234, 238), (234, 235), (490, 362), (490, 426), (490, 491), (490, 234), (490, 494), (490, 482), (235, 171), (235, 239), (235, 107), (491, 363), (491, 427), (491, 235), (491, 495), (491, 483), (236, 238), (236, 172), (236, 228), (492, 364), (492, 494), (492, 236), (492, 428), (492, 484), (237, 239), (237, 109), (237, 229), (493, 365), (493, 495), (493, 485), (238, 239), (238, 230), (494, 366), (494, 238), (494, 495), (494, 486), (239, 111), (239, 231), (495, 367), (495, 239), (495, 487), (248, 184), (248, 216), (248, 232), (248, 252), (248, 249), (248, 250), (504, 376), (504, 440), (504, 505), (504, 248), (504, 472), (504, 488), (504, 496), (504, 506), (249, 185), (249, 217), (249, 253), (249, 251), (249, 241), (249, 233), (505, 377), (505, 441), (505, 489), (505, 507), (505, 497), (250, 186), (250, 218), (250, 234), (250, 254), (506, 378), (506, 442), (506, 507), (506, 250), (506, 474), (506, 510), (506, 490), (506, 498), (251, 187), (251, 219), (251, 255), (251, 235), (507, 379), (507, 443), (507, 491), (507, 251), (507, 511), (507, 499), (252, 220), (252, 236), (252, 253), (252, 188), (252, 244), (508, 380), (508, 252), (508, 476), (508, 509), (508, 444), (508, 492), (508, 500), (253, 189), (253, 221), (253, 255), (253, 245), (253, 237), (509, 381), (509, 445), (509, 493), (509, 511), (509, 501), (254, 222), (254, 238), (254, 246), (510, 382), (510, 254), (510, 478), (510, 494), (510, 502), (255, 223), (255, 239), (255, 247), (511, 383), (511, 495), (511, 255), (511, 503)]
----------- STATS -----------
Algorithm used: Algorithm.PREFS
Runtime: 66.00487685203552seconds
Number of Iterations: 3
Number of Rows in Final Cycle Matrix: 2212
History of Number of Rows in the Cycle Matrix: [2076, 2180, 2212]
Number of Constraints in Final Iteration: 9124
History of Constraint Nums: [8988, 9092, 9124]
Number of Prefs Removed (size of minFBPS): 158
Minimum Feedback Pref Set: [0, 1, 2, 8, 9, 12, 14, 18, 21, 23, 29, 30, 31, 33, 34, 35, 38, 39, 41, 43, 44, 46, 47, 48, 49, 60, 63, 65, 66, 67, 68, 69, 70, 71, 73, 81, 85, 86, 88, 90, 91, 92, 93, 94, 112, 136, 146, 147, 149, 151, 153, 156, 164, 165, 173, 174, 177, 183, 185, 191, 192, 193, 196, 198, 200, 201, 208, 213, 214, 215, 218, 220, 221, 222, 223, 224, 225, 227, 230, 240, 242, 243, 245, 248, 254, 255, 256, 258, 260, 261, 263, 264, 267, 269, 271, 272, 273, 274, 275, 307, 308, 309, 310, 311, 312, 316, 317, 320, 322, 325, 327, 341, 343, 346, 348, 349, 351, 357, 358, 361, 362, 366, 368, 370, 371, 372, 374, 375, 377, 378, 379, 380, 383, 387, 388, 389, 398, 400, 406, 412, 413, 414, 416, 417, 420, 421, 423, 440, 458, 459, 460, 461, 462, 463, 464, 465, 466, 467]
Number of Edges Removed: 1870
Feedback Edge Set: [(256, 0), (256, 260), (0, 4), (257, 259), (1, 17), (258, 2), (258, 262), (258, 256), (258, 259), (2, 6), (2, 3), (259, 3), (259, 263), (259, 257), (3, 7), (3, 19), (3, 1), (260, 4), (4, 12), (261, 257), (5, 13), (5, 21), (5, 4), (5, 1), (262, 6), (262, 260), (262, 263), (6, 14), (263, 7), (263, 261), (7, 15), (7, 23), (7, 5), (7, 6), (272, 16), (272, 276), (272, 273), (16, 20), (16, 17), (274, 18), (274, 278), (274, 272), (274, 258), (18, 22), (18, 16), (275, 19), (275, 279), (275, 273), (275, 259), (19, 23), (19, 17), (276, 20), (276, 277), (20, 28), (277, 273), (21, 29), (21, 17), (21, 20), (278, 22), (278, 276), (278, 262), (22, 30), (22, 20), (279, 23), (279, 277), (279, 263), (23, 31), (23, 21), (23, 22), (288, 32), (288, 296), (288, 292), (288, 289), (288, 256), (32, 36), (32, 0), (289, 297), (289, 257), (289, 288), (33, 49), (33, 1), (33, 35), (290, 34), (290, 298), (290, 294), (290, 291), (290, 258), (34, 38), (34, 35), (34, 2), (291, 35), (291, 299), (291, 295), (291, 259), (291, 289), (291, 290), (35, 51), (35, 39), (35, 3), (292, 36), (292, 300), (292, 260), (36, 4), (36, 44), (293, 301), (293, 261), (293, 289), (37, 5), (37, 53), (37, 45), (37, 33), (294, 38), (294, 302), (294, 262), (294, 295), (38, 6), (38, 46), (38, 39), (295, 39), (295, 303), (295, 263), (295, 293), (39, 7), (39, 55), (39, 47), (304, 48), (304, 312), (304, 308), (304, 305), (304, 272), (48, 52), (48, 16), (48, 49), (305, 313), (305, 273), (305, 304), (49, 51), (306, 50), (306, 314), (306, 310), (306, 307), (306, 304), (306, 274), (306, 290), (50, 54), (50, 18), (50, 48), (307, 51), (307, 315), (307, 311), (307, 275), (307, 305), (307, 306), (307, 291), (51, 55), (308, 52), (308, 316), (308, 309), (308, 276), (52, 20), (52, 60), (52, 53), (309, 317), (309, 277), (309, 305), (53, 21), (53, 61), (53, 49), (310, 54), (310, 318), (310, 308), (310, 278), (310, 294), (54, 22), (54, 62), (54, 52), (311, 55), (311, 319), (311, 279), (311, 309), (311, 295), (55, 23), (55, 63), (320, 64), (320, 256), (64, 72), (64, 0), (321, 257), (321, 323), (65, 73), (65, 1), (65, 81), (65, 321), (322, 66), (322, 320), (322, 323), (322, 258), (66, 74), (66, 67), (66, 2), (323, 67), (323, 321), (323, 259), (67, 75), (67, 83), (67, 65), (67, 3), (324, 68), (324, 260), (324, 320), (68, 4), (68, 76), (68, 64), (325, 261), (325, 321), (69, 77), (69, 5), (69, 85), (69, 68), (69, 65), (326, 70), (326, 262), (326, 324), (326, 327), (326, 322), (70, 6), (70, 78), (70, 66), (327, 71), (327, 325), (327, 323), (71, 79), (71, 87), (71, 69), (71, 67), (71, 70), (336, 80), (336, 272), (336, 337), (336, 320), (80, 16), (80, 88), (80, 81), (80, 64), (81, 89), (81, 337), (338, 82), (338, 274), (338, 336), (338, 322), (82, 18), (82, 90), (82, 80), (82, 66), (339, 83), (339, 275), (339, 337), (339, 323), (83, 91), (83, 19), (83, 81), (340, 84), (340, 276), (340, 341), (340, 324), (340, 336), (84, 92), (84, 20), (84, 68), (84, 80), (341, 277), (341, 337), (85, 93), (85, 21), (85, 81), (85, 84), (342, 86), (342, 340), (342, 326), (342, 338), (86, 94), (86, 84), (86, 70), (86, 82), (343, 87), (343, 279), (343, 341), (343, 327), (343, 339), (87, 95), (87, 23), (87, 85), (87, 86), (87, 83), (352, 96), (352, 288), (352, 360), (352, 353), (352, 320), (96, 32), (96, 64), (353, 361), (353, 289), (353, 321), (353, 352), (97, 113), (97, 33), (97, 65), (97, 353), (97, 99), (354, 98), (354, 290), (354, 362), (354, 355), (354, 322), (98, 34), (98, 99), (98, 66), (355, 99), (355, 363), (355, 323), (355, 353), (355, 291), (355, 354), (99, 115), (99, 67), (99, 35), (356, 100), (356, 364), (356, 324), (356, 352), (100, 68), (100, 108), (100, 96), (357, 293), (357, 365), (357, 325), (357, 353), (101, 37), (101, 69), (101, 117), (101, 109), (101, 97), (358, 102), (358, 366), (358, 326), (358, 359), (358, 354), (102, 70), (102, 110), (102, 103), (102, 98), (359, 103), (359, 295), (359, 367), (359, 327), (359, 357), (359, 355), (103, 39), (103, 71), (103, 119), (103, 111), (103, 99), (368, 112), (368, 376), (368, 369), (368, 304), (368, 336), (368, 352), (112, 48), (112, 80), (112, 113), (112, 96), (369, 305), (369, 377), (369, 337), (369, 368), (113, 49), (113, 369), (113, 81), (113, 115), (370, 114), (370, 378), (370, 371), (370, 368), (370, 306), (370, 338), (370, 354), (114, 82), (114, 112), (114, 50), (114, 98), (371, 115), (371, 307), (371, 379), (371, 339), (371, 369), (371, 370), (371, 355), (115, 51), (115, 83), (372, 116), (372, 380), (372, 308), (372, 373), (372, 356), (372, 368), (116, 84), (116, 124), (116, 52), (116, 117), (116, 100), (116, 112), (373, 381), (373, 341), (373, 309), (373, 369), (117, 85), (117, 125), (117, 53), (117, 113), (374, 118), (374, 382), (374, 372), (374, 358), (374, 370), (118, 86), (118, 126), (118, 116), (118, 102), (118, 114), (375, 119), (375, 383), (375, 311), (375, 343), (375, 373), (375, 359), (375, 371), (119, 87), (119, 127), (119, 55), (119, 115), (384, 392), (384, 256), (384, 400), (128, 0), (128, 144), (128, 136), (385, 129), (385, 393), (385, 389), (385, 384), (385, 257), (385, 401), (385, 387), (129, 1), (129, 145), (129, 137), (129, 133), (129, 128), (129, 131), (386, 394), (386, 390), (386, 258), (386, 402), (386, 384), (386, 387), (130, 2), (130, 146), (130, 138), (130, 134), (130, 386), (130, 128), (387, 395), (387, 391), (387, 386), (387, 403), (131, 3), (131, 147), (131, 139), (131, 135), (131, 130), (388, 260), (388, 404), (388, 384), (132, 148), (132, 133), (132, 4), (132, 128), (389, 133), (389, 261), (389, 405), (133, 149), (133, 5), (133, 132), (390, 262), (390, 406), (390, 388), (390, 391), (134, 150), (134, 135), (134, 390), (134, 6), (134, 132), (391, 407), (135, 151), (135, 134), (400, 408), (400, 401), (400, 402), (144, 16), (144, 152), (144, 400), (401, 145), (401, 409), (401, 405), (401, 400), (401, 273), (145, 17), (145, 153), (145, 149), (145, 144), (402, 410), (402, 406), (402, 274), (146, 18), (146, 154), (146, 150), (146, 402), (146, 144), (403, 467), (403, 411), (403, 407), (403, 402), (403, 401), (147, 19), (147, 211), (147, 155), (147, 151), (147, 145), (147, 146), (404, 405), (404, 400), (148, 149), (148, 404), (148, 144), (405, 149), (405, 277), (149, 21), (149, 148), (406, 278), (150, 151), (150, 406), (150, 22), (150, 148), (407, 405), (151, 149), (151, 150), (416, 432), (416, 424), (416, 288), (416, 384), (160, 32), (160, 128), (160, 176), (417, 161), (417, 425), (417, 421), (417, 289), (417, 385), (417, 433), (161, 33), (161, 129), (161, 177), (161, 165), (418, 434), (418, 426), (418, 422), (418, 290), (418, 386), (418, 416), (418, 419), (162, 34), (162, 130), (162, 178), (162, 166), (162, 418), (162, 160), (162, 163), (419, 427), (419, 423), (419, 387), (419, 435), (419, 417), (163, 35), (163, 131), (163, 179), (163, 167), (163, 161), (420, 436), (420, 428), (420, 421), (420, 292), (420, 388), (420, 416), (164, 132), (164, 180), (164, 36), (164, 160), (421, 165), (421, 429), (421, 293), (421, 389), (421, 437), (421, 420), (165, 133), (165, 181), (165, 37), (422, 438), (422, 430), (422, 423), (422, 294), (422, 390), (422, 420), (166, 134), (166, 182), (166, 422), (166, 38), (166, 164), (166, 167), (423, 431), (423, 391), (423, 439), (423, 421), (423, 422), (167, 135), (167, 183), (167, 165), (432, 440), (432, 400), (432, 433), (432, 434), (176, 48), (176, 144), (176, 432), (176, 177), (176, 178), (433, 177), (433, 441), (433, 437), (433, 305), (433, 401), (177, 49), (177, 145), (177, 181), (434, 442), (434, 438), (434, 306), (434, 402), (178, 50), (178, 146), (178, 182), (178, 434), (435, 443), (435, 439), (435, 433), (435, 499), (435, 403), (179, 51), (179, 147), (179, 183), (179, 177), (179, 243), (436, 444), (436, 437), (436, 404), (436, 432), (180, 148), (180, 436), (180, 181), (180, 176), (437, 181), (437, 445), (437, 309), (437, 436), (181, 149), (181, 53), (438, 446), (438, 439), (438, 310), (438, 406), (182, 150), (182, 438), (182, 54), (439, 447), (439, 437), (439, 438), (183, 151), (183, 181), (448, 320), (448, 384), (448, 464), (192, 64), (192, 208), (192, 128), (449, 193), (449, 453), (449, 448), (449, 321), (449, 385), (449, 465), (449, 451), (193, 65), (193, 209), (193, 197), (193, 129), (193, 192), (193, 195), (450, 454), (450, 322), (450, 386), (450, 466), (450, 448), (450, 451), (194, 66), (194, 210), (194, 198), (194, 450), (194, 130), (194, 192), (451, 455), (451, 450), (451, 467), (195, 67), (195, 211), (195, 199), (195, 194), (452, 324), (452, 388), (452, 468), (452, 448), (196, 212), (196, 197), (196, 68), (196, 132), (196, 452), (196, 192), (453, 197), (453, 389), (453, 325), (453, 469), (197, 133), (197, 213), (197, 69), (197, 196), (454, 198), (454, 326), (454, 390), (454, 470), (454, 452), (454, 455), (198, 214), (198, 199), (198, 454), (198, 70), (198, 134), (198, 196), (455, 391), (455, 471), (199, 135), (199, 215), (199, 198), (464, 400), (464, 465), (464, 466), (208, 80), (208, 144), (208, 464), (465, 209), (465, 469), (465, 464), (465, 337), (209, 81), (209, 213), (209, 208), (466, 402), (466, 470), (466, 338), (210, 82), (210, 146), (210, 214), (210, 466), (210, 208), (467, 471), (467, 466), (467, 465), (211, 83), (211, 215), (211, 209), (211, 210), (468, 212), (468, 469), (468, 404), (468, 464), (212, 213), (212, 468), (212, 148), (212, 208), (469, 213), (469, 405), (469, 341), (213, 149), (213, 85), (213, 212), (470, 214), (470, 342), (214, 215), (214, 470), (214, 86), (214, 212), (471, 469), (215, 213), (215, 214), (480, 416), (480, 496), (480, 488), (480, 352), (480, 448), (224, 96), (224, 160), (224, 192), (224, 240), (224, 232), (481, 225), (481, 417), (481, 489), (481, 485), (481, 353), (481, 449), (481, 497), (225, 97), (225, 161), (225, 193), (225, 241), (225, 233), (225, 229), (482, 418), (482, 498), (482, 490), (482, 486), (482, 354), (482, 450), (482, 480), (482, 483), (226, 98), (226, 162), (226, 194), (226, 242), (226, 234), (226, 230), (226, 482), (226, 224), (226, 227), (483, 419), (483, 491), (483, 487), (483, 451), (483, 499), (483, 481), (227, 99), (227, 163), (227, 195), (227, 243), (227, 235), (227, 231), (227, 225), (484, 500), (484, 492), (484, 485), (484, 356), (484, 420), (484, 452), (484, 480), (228, 196), (228, 244), (228, 236), (228, 100), (228, 164), (228, 484), (228, 224), (485, 229), (485, 493), (485, 357), (485, 421), (485, 453), (485, 501), (485, 484), (229, 197), (229, 245), (229, 237), (229, 101), (229, 165), (486, 230), (486, 502), (486, 494), (486, 487), (486, 358), (486, 422), (486, 454), (486, 484), (230, 198), (230, 246), (230, 238), (230, 486), (230, 102), (230, 166), (230, 228), (230, 231), (487, 495), (487, 455), (487, 503), (487, 485), (487, 423), (487, 486), (231, 199), (231, 247), (231, 239), (231, 229), (231, 167), (496, 432), (496, 504), (496, 464), (496, 497), (496, 498), (240, 112), (240, 176), (240, 208), (240, 248), (240, 496), (240, 241), (240, 242), (497, 241), (497, 433), (497, 505), (497, 501), (497, 369), (241, 113), (241, 177), (241, 209), (241, 249), (241, 245), (498, 434), (498, 506), (498, 502), (498, 370), (498, 466), (242, 114), (242, 178), (242, 210), (242, 250), (242, 246), (242, 498), (499, 507), (499, 503), (499, 497), (243, 115), (243, 211), (243, 251), (243, 247), (243, 241), (500, 244), (500, 508), (500, 501), (500, 468), (500, 436), (500, 496), (244, 212), (244, 252), (244, 500), (244, 245), (244, 180), (244, 240), (501, 245), (501, 437), (501, 509), (501, 373), (501, 500), (245, 181), (245, 213), (245, 253), (245, 117), (502, 246), (502, 510), (502, 503), (502, 374), (502, 470), (246, 214), (246, 254), (246, 502), (246, 118), (503, 511), (503, 501), (503, 502), (247, 215), (247, 255), (247, 245), (8, 12), (9, 265), (9, 13), (9, 25), (9, 1), (9, 8), (265, 257), (265, 267), (10, 14), (266, 10), (266, 264), (266, 267), (11, 15), (11, 27), (11, 9), (11, 10), (267, 265), (267, 11), (268, 269), (268, 12), (13, 269), (13, 29), (269, 261), (269, 268), (14, 15), (270, 271), (270, 14), (270, 268), (15, 31), (15, 13), (271, 269), (271, 15), (271, 270), (24, 8), (24, 28), (280, 281), (25, 281), (25, 29), (25, 17), (25, 24), (281, 273), (26, 10), (26, 30), (26, 24), (282, 26), (282, 280), (282, 266), (27, 283), (27, 31), (27, 25), (27, 26), (283, 27), (283, 281), (283, 267), (28, 12), (28, 29), (284, 285), (284, 28), (29, 285), (285, 277), (285, 284), (30, 14), (30, 28), (286, 287), (286, 30), (286, 284), (286, 270), (31, 287), (31, 29), (287, 31), (287, 285), (287, 286), (287, 271), (40, 8), (40, 44), (296, 297), (296, 264), (41, 297), (41, 9), (41, 57), (41, 45), (41, 33), (41, 43), (297, 265), (297, 296), (42, 10), (42, 46), (42, 43), (298, 299), (298, 42), (298, 266), (43, 11), (43, 59), (43, 47), (299, 267), (299, 315), (299, 297), (299, 43), (299, 298), (300, 44), (45, 301), (45, 61), (45, 13), (301, 269), (46, 47), (302, 46), (302, 303), (47, 63), (47, 15), (303, 271), (303, 319), (303, 301), (303, 47), (56, 24), (56, 60), (56, 57), (312, 313), (312, 280), (57, 313), (57, 25), (57, 61), (57, 49), (57, 59), (313, 297), (313, 312), (58, 26), (58, 62), (58, 56), (314, 315), (314, 58), (314, 282), (314, 312), (314, 298), (59, 315), (59, 27), (59, 63), (315, 299), (315, 59), (315, 313), (315, 314), (60, 28), (60, 61), (316, 284), (316, 317), (316, 60), (61, 317), (317, 301), (62, 30), (62, 60), (318, 62), (318, 286), (318, 316), (318, 302), (63, 319), (319, 303), (319, 63), (319, 317), (72, 88), (72, 8), (328, 264), (73, 329), (73, 89), (73, 72), (329, 321), (329, 331), (74, 10), (74, 90), (330, 74), (330, 266), (330, 328), (330, 331), (75, 79), (75, 11), (75, 91), (75, 73), (75, 74), (331, 329), (331, 267), (76, 12), (76, 92), (76, 72), (332, 268), (332, 328), (332, 333), (332, 76), (77, 333), (77, 93), (77, 13), (77, 73), (333, 329), (333, 325), (333, 332), (333, 269), (78, 334), (78, 14), (78, 94), (78, 79), (78, 74), (334, 270), (334, 330), (334, 335), (334, 78), (334, 332), (79, 15), (79, 95), (79, 77), (335, 333), (335, 271), (335, 334), (88, 24), (88, 72), (344, 280), (344, 345), (344, 328), (89, 345), (89, 25), (89, 88), (345, 281), (345, 337), (90, 26), (90, 74), (90, 88), (346, 282), (346, 90), (346, 344), (346, 330), (91, 95), (91, 27), (91, 89), (91, 90), (347, 91), (347, 283), (347, 345), (347, 331), (92, 76), (92, 93), (92, 88), (348, 344), (348, 349), (348, 92), (348, 332), (93, 349), (93, 29), (93, 89), (349, 345), (349, 285), (349, 341), (349, 348), (94, 350), (94, 78), (94, 30), (94, 92), (94, 90), (350, 346), (350, 351), (350, 94), (350, 286), (350, 348), (350, 334), (95, 31), (95, 93), (351, 95), (351, 287), (351, 349), (351, 350), (351, 335), (104, 40), (104, 72), (360, 296), (360, 361), (360, 328), (105, 361), (105, 73), (105, 121), (105, 97), (105, 107), (361, 329), (361, 360), (106, 42), (106, 74), (106, 107), (362, 298), (362, 363), (362, 106), (362, 330), (107, 75), (107, 123), (107, 111), (107, 43), (363, 299), (363, 331), (363, 379), (363, 361), (363, 362), (108, 76), (108, 104), (364, 360), (364, 108), (364, 332), (109, 365), (109, 45), (109, 125), (109, 77), (109, 105), (365, 301), (365, 361), (365, 333), (110, 366), (110, 46), (110, 111), (110, 78), (110, 106), (366, 362), (366, 110), (366, 302), (366, 367), (366, 334), (111, 47), (111, 127), (111, 79), (367, 303), (367, 335), (367, 383), (367, 365), (120, 88), (120, 121), (120, 56), (120, 104), (376, 377), (376, 344), (376, 312), (376, 360), (121, 377), (121, 57), (121, 89), (121, 113), (121, 123), (377, 313), (377, 361), (377, 345), (377, 376), (122, 90), (122, 58), (122, 120), (122, 106), (378, 379), (378, 122), (378, 314), (378, 346), (378, 376), (378, 362), (123, 59), (123, 91), (123, 127), (379, 315), (379, 363), (379, 123), (379, 377), (379, 378), (379, 347), (124, 92), (124, 125), (124, 108), (124, 120), (380, 376), (380, 348), (380, 381), (380, 124), (380, 364), (125, 381), (125, 61), (125, 93), (125, 121), (381, 365), (381, 377), (381, 317), (381, 349), (126, 382), (126, 62), (126, 94), (126, 124), (126, 110), (126, 122), (382, 378), (382, 126), (382, 318), (382, 350), (382, 380), (382, 366), (127, 63), (127, 95), (383, 367), (383, 127), (383, 319), (383, 381), (383, 351), (136, 392), (136, 152), (392, 264), (392, 408), (137, 153), (137, 141), (137, 9), (137, 136), (137, 139), (393, 265), (393, 409), (393, 392), (393, 395), (138, 394), (138, 154), (138, 142), (138, 136), (394, 266), (394, 410), (394, 392), (394, 395), (139, 395), (139, 155), (139, 143), (139, 11), (139, 138), (395, 267), (395, 411), (395, 394), (140, 396), (140, 156), (140, 136), (396, 268), (396, 392), (396, 412), (141, 157), (141, 13), (141, 133), (397, 269), (397, 413), (397, 389), (397, 396), (142, 398), (142, 158), (142, 140), (142, 143), (398, 270), (398, 414), (398, 396), (143, 399), (143, 159), (143, 15), (399, 271), (399, 415), (399, 398), (152, 408), (408, 280), (408, 409), (408, 410), (153, 157), (153, 152), (409, 281), (409, 408), (154, 410), (154, 158), (154, 152), (410, 282), (155, 411), (155, 219), (155, 159), (155, 153), (155, 154), (411, 283), (411, 475), (411, 410), (411, 409), (156, 412), (156, 157), (156, 152), (412, 284), (412, 408), (157, 149), (413, 285), (413, 405), (413, 412), (158, 414), (158, 156), (414, 286), (159, 415), (159, 157), (415, 287), (415, 413), (415, 414), (168, 424), (168, 136), (168, 184), (424, 296), (424, 440), (424, 392), (169, 137), (169, 185), (169, 173), (169, 41), (169, 161), (425, 297), (425, 441), (425, 424), (425, 393), (170, 426), (170, 138), (170, 174), (170, 186), (170, 168), (170, 171), (426, 298), (426, 442), (426, 424), (426, 394), (171, 427), (171, 139), (171, 187), (171, 175), (171, 43), (171, 169), (171, 235), (427, 299), (427, 443), (427, 425), (427, 491), (427, 395), (427, 426), (172, 428), (172, 140), (172, 188), (172, 168), (428, 300), (428, 444), (428, 424), (428, 396), (173, 141), (173, 189), (173, 45), (173, 165), (429, 301), (429, 445), (174, 430), (174, 142), (174, 190), (174, 172), (174, 175), (430, 302), (430, 446), (430, 428), (430, 431), (430, 398), (175, 431), (175, 143), (175, 191), (175, 47), (175, 173), (431, 303), (431, 447), (431, 429), (184, 440), (184, 152), (184, 185), (184, 186), (440, 312), (440, 408), (440, 442), (185, 153), (185, 189), (185, 177), (441, 313), (441, 409), (441, 440), (186, 442), (186, 154), (186, 190), (442, 314), (442, 410), (187, 443), (187, 155), (187, 191), (187, 185), (187, 251), (443, 315), (443, 441), (443, 442), (443, 507), (443, 411), (188, 444), (188, 156), (188, 189), (188, 184), (444, 316), (444, 440), (444, 412), (444, 445), (189, 157), (189, 181), (445, 317), (190, 446), (190, 158), (446, 318), (446, 414), (191, 447), (191, 159), (191, 189), (447, 319), (447, 445), (200, 456), (200, 216), (200, 204), (200, 136), (456, 328), (456, 392), (456, 472), (201, 217), (201, 205), (201, 73), (201, 193), (201, 200), (201, 203), (457, 329), (457, 473), (457, 456), (457, 449), (457, 459), (202, 458), (202, 218), (202, 200), (458, 330), (458, 474), (458, 456), (458, 459), (203, 459), (203, 219), (203, 207), (203, 75), (203, 139), (203, 202), (459, 331), (459, 475), (459, 458), (459, 395), (459, 463), (204, 460), (204, 220), (204, 140), (460, 332), (460, 396), (460, 476), (205, 141), (205, 221), (205, 77), (205, 197), (461, 333), (461, 397), (461, 477), (461, 453), (461, 460), (206, 462), (206, 222), (206, 204), (206, 207), (206, 202), (462, 334), (462, 458), (462, 478), (462, 460), (207, 463), (207, 143), (207, 223), (207, 79), (207, 203), (463, 335), (463, 399), (463, 479), (463, 459), (463, 462), (216, 472), (216, 152), (216, 220), (472, 344), (472, 408), (472, 473), (472, 474), (217, 221), (217, 209), (217, 216), (473, 345), (473, 472), (473, 465), (218, 474), (218, 154), (218, 216), (474, 346), (474, 410), (219, 475), (219, 223), (219, 217), (219, 218), (475, 347), (475, 474), (475, 479), (475, 473), (220, 476), (220, 221), (220, 156), (476, 348), (476, 412), (221, 157), (221, 213), (477, 349), (477, 413), (477, 469), (477, 476), (222, 478), (222, 220), (222, 218), (478, 350), (478, 474), (223, 479), (223, 221), (223, 219), (479, 351), (479, 475), (479, 477), (479, 478), (232, 488), (232, 168), (232, 200), (232, 236), (232, 248), (488, 360), (488, 424), (488, 504), (233, 169), (233, 201), (233, 249), (233, 237), (233, 105), (233, 225), (489, 361), (489, 425), (489, 505), (489, 488), (489, 457), (234, 490), (234, 170), (234, 202), (234, 250), (234, 232), (234, 235), (490, 362), (490, 426), (490, 506), (490, 488), (235, 491), (235, 171), (235, 203), (235, 251), (235, 239), (235, 107), (235, 233), (491, 363), (491, 427), (491, 507), (491, 495), (491, 489), (491, 459), (491, 490), (236, 492), (236, 204), (236, 172), (236, 252), (492, 364), (492, 508), (492, 428), (492, 460), (237, 205), (237, 253), (237, 109), (493, 365), (493, 509), (493, 461), (238, 494), (238, 206), (238, 254), (238, 236), (238, 239), (238, 234), (494, 366), (494, 510), (494, 490), (494, 492), (494, 495), (494, 462), (239, 495), (239, 207), (239, 255), (239, 111), (239, 175), (239, 237), (239, 235), (495, 367), (495, 491), (495, 431), (495, 511), (495, 493), (495, 463), (248, 504), (248, 184), (248, 216), (248, 252), (248, 249), (248, 250), (504, 376), (504, 440), (504, 472), (504, 506), (249, 185), (249, 217), (249, 253), (249, 241), (505, 377), (505, 441), (505, 504), (250, 506), (250, 186), (250, 218), (506, 378), (506, 442), (506, 474), (251, 507), (251, 219), (251, 255), (251, 249), (507, 379), (507, 511), (507, 505), (507, 506), (252, 508), (252, 220), (252, 253), (252, 188), (508, 380), (508, 476), (508, 509), (508, 444), (253, 189), (253, 221), (509, 381), (509, 445), (254, 510), (254, 222), (254, 250), (510, 382), (510, 506), (510, 478), (255, 511), (255, 223), (255, 253), (255, 251), (511, 383), (511, 507), (511, 509)]
