----------- GRAPH -----------
Number of Preferences: 281
Number of Outcomes: 128
Number of Edges: 1849
----------- STATS -----------
Algorithm used: Algorithm.MFAS
Runtime: 47.26960897445679seconds
Number of Iterations: 11
Number of Rows in Final Cycle Matrix: 4230
History of Number of Rows in the Cycle Matrix: [1028, 1847, 2618, 3290, 3611, 3798, 3909, 4143, 4174, 4186, 4230]
Number of Constraints in Final Iteration: 4230
History of Constraint Nums: [1028, 1847, 2618, 3290, 3611, 3798, 3909, 4143, 4174, 4186, 4230]
Number of Edges Removed: 492
Feedback Edge Set: [(0, 64), (0, 8), (0, 32), (0, 17), (64, 80), (64, 72), (64, 66), (64, 65), (64, 96), (64, 100), (64, 97), (64, 88), (64, 82), (64, 74), (64, 90), (1, 65), (1, 17), (1, 9), (1, 13), (1, 32), (1, 3), (65, 81), (65, 73), (65, 113), (65, 89), (2, 66), (2, 18), (2, 10), (2, 34), (2, 38), (2, 14), (2, 19), (2, 70), (2, 8), (2, 24), (66, 82), (66, 74), (66, 70), (66, 3), (3, 11), (67, 83), (67, 75), (67, 71), (67, 3), (67, 99), (67, 87), (67, 65), (67, 66), (32, 96), (32, 48), (32, 40), (32, 36), (32, 34), (96, 112), (96, 104), (96, 98), (96, 99), (33, 97), (33, 49), (33, 41), (33, 37), (33, 32), (33, 57), (33, 101), (33, 35), (97, 105), (97, 98), (97, 99), (97, 107), (34, 98), (34, 50), (34, 42), (34, 46), (34, 36), (34, 51), (34, 58), (34, 35), (98, 106), (35, 43), (99, 107), (99, 35), (99, 111), (99, 98), (99, 123), (4, 68), (4, 70), (4, 20), (4, 12), (4, 6), (4, 7), (4, 36), (4, 0), (4, 8), (4, 28), (68, 84), (68, 76), (68, 70), (68, 71), (68, 69), (68, 96), (68, 100), (68, 101), (70, 86), (70, 78), (70, 71), (70, 74), (5, 69), (5, 71), (5, 21), (5, 13), (5, 6), (5, 7), (5, 36), (5, 1), (5, 23), (5, 15), (5, 31), (69, 101), (69, 85), (69, 77), (69, 70), (69, 71), (69, 117), (69, 7), (69, 65), (71, 103), (71, 87), (71, 79), (6, 70), (6, 22), (6, 14), (6, 34), (6, 38), (6, 23), (7, 71), (7, 23), (7, 15), (7, 3), (7, 18), (7, 22), (36, 44), (100, 116), (100, 108), (100, 102), (100, 36), (102, 110), (102, 103), (102, 98), (102, 106), (37, 101), (37, 103), (37, 53), (37, 45), (37, 38), (37, 39), (37, 36), (37, 41), (101, 109), (101, 103), (101, 36), (101, 39), (101, 125), (103, 111), (38, 102), (38, 54), (38, 46), (38, 36), (38, 39), (39, 103), (39, 55), (39, 47), (39, 36), (39, 54), (8, 72), (8, 24), (8, 12), (8, 10), (8, 9), (8, 13), (72, 88), (72, 105), (72, 104), (72, 74), (9, 41), (9, 43), (9, 11), (73, 89), (73, 9), (73, 72), (10, 74), (74, 107), (74, 106), (74, 91), (11, 75), (11, 43), (11, 15), (11, 10), (75, 91), (75, 74), (40, 104), (40, 44), (40, 42), (104, 120), (104, 106), (41, 105), (41, 43), (105, 107), (42, 106), (43, 107), (43, 59), (107, 123), (12, 14), (76, 92), (76, 12), (76, 13), (76, 108), (76, 70), (76, 77), (76, 93), (78, 14), (78, 15), (78, 110), (78, 74), (78, 72), (78, 95), (77, 93), (77, 12), (77, 13), (77, 15), (77, 73), (79, 95), (79, 78), (79, 14), (79, 15), (79, 72), (79, 13), (79, 75), (13, 45), (13, 47), (13, 12), (13, 9), (13, 15), (15, 47), (15, 14), (108, 124), (108, 110), (108, 44), (110, 126), (110, 46), (110, 47), (110, 106), (110, 127), (109, 125), (109, 111), (109, 108), (109, 44), (109, 47), (109, 124), (111, 127), (111, 110), (111, 46), (111, 47), (45, 108), (45, 110), (45, 109), (45, 111), (45, 47), (45, 44), (45, 41), (46, 44), (46, 47), (16, 80), (16, 17), (16, 49), (16, 19), (16, 51), (16, 24), (16, 20), (16, 84), (80, 112), (80, 72), (80, 88), (80, 84), (80, 82), (80, 74), (80, 90), (17, 81), (17, 49), (17, 51), (17, 21), (17, 48), (17, 25), (17, 19), (81, 113), (81, 115), (81, 80), (81, 73), (81, 89), (18, 82), (18, 19), (18, 51), (18, 50), (18, 26), (18, 22), (18, 86), (18, 24), (82, 90), (82, 86), (19, 83), (19, 51), (19, 3), (83, 115), (83, 119), (83, 91), (48, 51), (112, 114), (112, 48), (112, 124), (49, 113), (49, 48), (49, 41), (49, 57), (49, 53), (49, 51), (113, 115), (113, 112), (113, 48), (113, 123), (50, 114), (50, 48), (50, 51), (50, 42), (50, 58), (50, 54), (51, 35), (115, 114), (115, 51), (115, 107), (115, 123), (115, 119), (84, 116), (84, 92), (20, 54), (20, 21), (20, 23), (20, 24), (20, 84), (20, 12), (20, 28), (20, 22), (21, 23), (21, 15), (21, 31), (85, 119), (85, 84), (85, 113), (85, 23), (85, 93), (86, 94), (86, 92), (22, 54), (22, 23), (22, 26), (22, 86), (22, 30), (23, 31), (87, 119), (87, 115), (116, 112), (116, 118), (52, 48), (52, 53), (52, 55), (52, 20), (52, 80), (52, 84), (52, 44), (52, 60), (53, 61), (53, 55), (117, 53), (117, 113), (117, 116), (117, 55), (117, 81), (117, 85), (117, 109), (117, 125), (117, 119), (118, 114), (118, 122), (118, 126), (118, 119), (54, 55), (54, 58), (54, 62), (55, 51), (119, 123), (24, 56), (24, 28), (24, 25), (25, 57), (25, 59), (25, 56), (25, 27), (89, 25), (89, 93), (89, 88), (90, 88), (90, 91), (90, 123), (90, 122), (90, 75), (26, 58), (26, 10), (27, 59), (27, 26), (27, 58), (27, 91), (27, 10), (27, 11), (91, 123), (120, 122), (120, 123), (56, 40), (56, 120), (56, 88), (56, 58), (57, 56), (57, 40), (57, 41), (57, 125), (57, 59), (121, 122), (121, 123), (121, 105), (122, 126), (122, 106), (58, 62), (58, 59), (58, 122), (58, 42), (123, 106), (92, 28), (92, 72), (92, 88), (92, 93), (28, 60), (28, 62), (28, 63), (28, 12), (28, 30), (93, 125), (93, 94), (93, 28), (29, 12), (29, 13), (29, 25), (29, 15), (29, 31), (29, 28), (94, 30), (94, 126), (94, 90), (94, 88), (94, 95), (30, 62), (30, 26), (30, 14), (95, 123), (95, 91), (31, 27), (31, 28), (31, 14), (31, 15), (31, 30), (124, 126), (60, 63), (60, 44), (60, 88), (125, 124), (125, 126), (125, 127), (61, 57), (61, 45), (61, 63), (127, 126), (127, 123), (127, 91), (127, 95), (63, 91), (63, 95)]
----------- STATS -----------
Algorithm used: Algorithm.EDGES
Runtime: 175.6625304222107seconds
Number of Iterations: 8
Number of Rows in Final Cycle Matrix: 1621
History of Number of Rows in the Cycle Matrix: [1028, 1250, 1534, 1577, 1596, 1601, 1620, 1621]
Number of Constraints in Final Iteration: 10928
History of Constraint Nums: [10335, 10557, 10841, 10884, 10903, 10908, 10927, 10928]
Number of Prefs Removed (size of minFBPS): 154
Minimum Feedback Pref Set: [0, 1, 2, 3, 4, 13, 15, 17, 18, 20, 21, 22, 27, 33, 35, 39, 40, 41, 48, 49, 56, 57, 58, 63, 64, 71, 72, 73, 74, 75, 77, 80, 82, 83, 84, 85, 86, 89, 90, 93, 94, 96, 98, 101, 103, 106, 108, 112, 115, 116, 118, 120, 121, 123, 126, 127, 129, 130, 134, 135, 136, 137, 143, 145, 146, 147, 148, 149, 150, 151, 152, 153, 154, 155, 157, 158, 159, 160, 161, 163, 165, 166, 167, 168, 171, 172, 173, 174, 175, 176, 178, 182, 183, 187, 188, 190, 196, 197, 198, 199, 201, 203, 204, 206, 207, 209, 212, 214, 215, 216, 217, 223, 224, 225, 226, 227, 228, 229, 231, 233, 234, 236, 237, 239, 240, 241, 243, 244, 245, 246, 247, 248, 249, 254, 256, 257, 259, 260, 261, 262, 263, 264, 265, 266, 267, 268, 270, 271, 273, 276, 277, 278, 279, 280]
Number of Edges Removed: 644
Feedback Edge Set: [(0, 64), (0, 8), (0, 32), (0, 68), (64, 80), (64, 72), (64, 66), (64, 96), (64, 100), (64, 76), (64, 97), (64, 88), (64, 4), (64, 82), (64, 74), (64, 90), (1, 65), (1, 9), (1, 13), (1, 32), (1, 3), (65, 81), (65, 73), (65, 67), (65, 113), (65, 89), (65, 64), (2, 66), (2, 18), (2, 10), (2, 34), (2, 38), (2, 14), (2, 19), (2, 70), (2, 16), (2, 8), (2, 24), (66, 74), (66, 6), (3, 67), (3, 19), (3, 11), (67, 75), (67, 99), (67, 66), (32, 96), (32, 40), (32, 34), (32, 33), (96, 104), (96, 98), (96, 99), (96, 65), (33, 97), (33, 49), (33, 41), (33, 0), (33, 57), (33, 101), (33, 35), (97, 105), (97, 98), (97, 99), (97, 81), (97, 37), (97, 107), (34, 98), (34, 50), (34, 42), (34, 46), (34, 51), (34, 58), (34, 35), (98, 106), (35, 99), (35, 51), (35, 43), (35, 103), (99, 107), (99, 111), (99, 98), (99, 123), (99, 39), (4, 68), (4, 70), (4, 12), (4, 6), (4, 7), (4, 36), (4, 0), (4, 8), (4, 28), (68, 84), (68, 76), (68, 70), (68, 71), (68, 96), (68, 100), (68, 101), (70, 78), (70, 66), (70, 74), (70, 76), (5, 69), (5, 71), (5, 21), (5, 13), (5, 6), (5, 7), (5, 4), (5, 36), (5, 1), (5, 23), (5, 15), (5, 31), (69, 101), (69, 85), (69, 77), (69, 70), (69, 71), (69, 117), (69, 65), (69, 68), (71, 103), (71, 79), (71, 70), (71, 67), (6, 68), (6, 70), (6, 22), (6, 14), (6, 34), (6, 38), (6, 23), (7, 69), (7, 71), (7, 23), (7, 15), (7, 3), (36, 100), (36, 102), (36, 44), (36, 38), (36, 39), (36, 32), (36, 60), (36, 37), (100, 108), (100, 102), (100, 69), (102, 110), (102, 98), (102, 106), (37, 101), (37, 103), (37, 45), (37, 38), (37, 39), (37, 36), (37, 33), (37, 41), (37, 4), (101, 109), (101, 103), (101, 85), (101, 125), (103, 111), (103, 102), (38, 100), (38, 102), (38, 54), (38, 46), (38, 39), (39, 101), (39, 103), (39, 55), (39, 47), (8, 72), (8, 24), (8, 10), (8, 76), (72, 88), (72, 105), (72, 104), (72, 68), (72, 12), (72, 82), (72, 74), (72, 90), (9, 73), (9, 41), (9, 43), (9, 11), (9, 5), (9, 8), (73, 89), (73, 72), (10, 74), (10, 26), (10, 58), (10, 30), (10, 62), (10, 6), (10, 78), (10, 16), (10, 24), (74, 107), (74, 106), (74, 14), (11, 75), (11, 41), (11, 43), (11, 27), (11, 10), (75, 91), (75, 90), (75, 74), (40, 104), (40, 56), (40, 42), (104, 120), (104, 106), (104, 73), (41, 105), (41, 43), (41, 109), (105, 121), (105, 107), (105, 45), (42, 106), (42, 58), (42, 26), (42, 30), (42, 62), (42, 38), (106, 75), (43, 107), (43, 59), (43, 111), (107, 123), (107, 103), (107, 47), (12, 76), (12, 78), (12, 77), (12, 79), (12, 28), (12, 0), (12, 8), (12, 14), (76, 92), (76, 108), (78, 110), (78, 66), (78, 74), (77, 93), (77, 76), (77, 73), (79, 78), (79, 75), (13, 76), (13, 78), (13, 77), (13, 79), (13, 45), (13, 47), (13, 12), (13, 9), (13, 23), (13, 15), (13, 31), (14, 76), (14, 78), (14, 77), (14, 79), (14, 30), (14, 26), (14, 58), (14, 62), (15, 76), (15, 78), (15, 77), (15, 79), (15, 45), (15, 47), (15, 31), (15, 14), (15, 11), (44, 108), (44, 110), (44, 109), (44, 111), (44, 60), (44, 46), (44, 40), (108, 124), (108, 110), (110, 98), (110, 106), (109, 125), (109, 111), (109, 108), (109, 124), (111, 127), (111, 110), (45, 108), (45, 110), (45, 109), (45, 111), (45, 47), (45, 44), (45, 33), (45, 41), (46, 108), (46, 110), (46, 109), (46, 111), (46, 26), (46, 58), (46, 30), (47, 108), (47, 110), (47, 109), (47, 111), (47, 46), (16, 80), (16, 17), (16, 49), (16, 19), (16, 51), (16, 24), (16, 20), (16, 84), (80, 112), (80, 96), (80, 81), (80, 113), (80, 72), (80, 88), (80, 20), (80, 84), (80, 66), (80, 82), (80, 74), (80, 90), (17, 81), (17, 49), (17, 51), (17, 1), (17, 33), (17, 5), (17, 37), (17, 21), (17, 16), (17, 48), (17, 25), (17, 19), (81, 113), (81, 115), (81, 117), (81, 73), (81, 89), (18, 82), (18, 49), (18, 19), (18, 51), (18, 50), (18, 2), (18, 34), (18, 26), (18, 22), (18, 86), (18, 0), (18, 8), (18, 24), (82, 66), (82, 67), (82, 90), (82, 22), (82, 86), (19, 83), (19, 49), (19, 51), (83, 113), (83, 115), (83, 119), (83, 66), (83, 67), (83, 91), (48, 112), (48, 17), (48, 49), (48, 19), (48, 51), (48, 52), (48, 32), (48, 33), (48, 50), (112, 114), (112, 64), (112, 96), (112, 116), (112, 124), (112, 81), (112, 113), (49, 113), (49, 1), (49, 33), (49, 5), (49, 37), (49, 16), (49, 48), (49, 32), (49, 41), (49, 57), (49, 53), (49, 117), (49, 51), (113, 115), (113, 117), (113, 53), (113, 123), (50, 114), (50, 17), (50, 19), (50, 51), (50, 2), (50, 34), (50, 42), (50, 58), (50, 54), (114, 118), (114, 115), (51, 115), (51, 55), (51, 119), (115, 107), (115, 123), (115, 55), (115, 119), (84, 116), (84, 100), (84, 85), (84, 117), (84, 92), (20, 52), (20, 54), (20, 21), (20, 23), (20, 24), (20, 84), (20, 4), (20, 5), (20, 12), (20, 28), (20, 22), (21, 1), (21, 33), (21, 5), (21, 37), (21, 20), (21, 52), (21, 4), (21, 7), (21, 23), (21, 15), (21, 31), (85, 117), (85, 119), (85, 113), (85, 93), (86, 70), (86, 94), (86, 92), (22, 52), (22, 54), (22, 23), (22, 6), (22, 38), (22, 26), (22, 86), (22, 30), (23, 31), (87, 117), (87, 119), (87, 115), (87, 71), (116, 68), (116, 100), (116, 85), (116, 117), (116, 118), (52, 53), (52, 55), (52, 44), (52, 60), (53, 1), (53, 33), (53, 5), (53, 37), (53, 20), (53, 52), (53, 61), (53, 55), (117, 109), (117, 125), (117, 119), (118, 122), (118, 126), (118, 119), (54, 55), (54, 6), (54, 38), (54, 58), (54, 39), (54, 62), (119, 123), (88, 121), (88, 28), (88, 66), (88, 74), (88, 90), (24, 56), (24, 92), (25, 57), (25, 59), (25, 24), (25, 56), (25, 89), (25, 27), (89, 88), (90, 123), (90, 122), (90, 30), (26, 58), (26, 94), (26, 0), (26, 8), (27, 57), (27, 59), (27, 26), (27, 58), (27, 91), (91, 123), (91, 127), (91, 75), (91, 107), (91, 79), (91, 111), (91, 90), (120, 122), (120, 123), (120, 89), (120, 116), (56, 120), (56, 41), (56, 58), (57, 24), (57, 56), (57, 40), (57, 41), (57, 125), (57, 59), (121, 122), (121, 123), (121, 61), (122, 91), (122, 106), (58, 122), (59, 26), (59, 58), (59, 127), (123, 75), (123, 107), (123, 79), (123, 111), (123, 106), (123, 63), (92, 88), (28, 60), (28, 62), (28, 61), (28, 31), (28, 63), (28, 16), (28, 24), (28, 92), (28, 13), (28, 30), (93, 125), (93, 92), (93, 94), (93, 89), (29, 12), (29, 13), (29, 25), (29, 7), (29, 15), (29, 31), (29, 28), (94, 126), (94, 90), (30, 60), (30, 62), (30, 61), (30, 63), (30, 18), (30, 26), (30, 94), (95, 127), (95, 94), (95, 123), (95, 75), (95, 107), (95, 79), (95, 111), (95, 91), (31, 27), (31, 30), (124, 126), (60, 29), (60, 31), (60, 63), (125, 124), (125, 126), (125, 127), (61, 57), (61, 45), (61, 63), (126, 114), (126, 122), (126, 110), (62, 29), (62, 31), (62, 50), (62, 58), (127, 126), (127, 75), (127, 107), (127, 79), (127, 111), (127, 115), (127, 123)]
----------- STATS -----------
Algorithm used: Algorithm.PREFS
Runtime: 38.33197331428528seconds
Number of Iterations: 7
Number of Rows in Final Cycle Matrix: 1470
History of Number of Rows in the Cycle Matrix: [1028, 1306, 1422, 1459, 1462, 1469, 1470]
Number of Constraints in Final Iteration: 3956
History of Constraint Nums: [3514, 3792, 3908, 3945, 3948, 3955, 3956]
Number of Prefs Removed (size of minFBPS): 98
Minimum Feedback Pref Set: [0, 1, 2, 3, 4, 17, 21, 27, 40, 41, 42, 43, 44, 45, 46, 50, 64, 67, 68, 76, 78, 80, 86, 87, 88, 89, 93, 96, 98, 104, 106, 109, 110, 112, 115, 116, 118, 120, 125, 126, 127, 128, 129, 133, 134, 135, 136, 137, 138, 139, 140, 141, 142, 143, 144, 146, 172, 177, 178, 179, 180, 181, 182, 184, 185, 187, 188, 190, 194, 195, 196, 197, 198, 199, 204, 210, 218, 230, 235, 238, 242, 259, 260, 261, 262, 263, 264, 265, 266, 267, 268, 269, 270, 271, 272, 275, 279, 280]
Number of Edges Removed: 1182
Feedback Edge Set: [(0, 64), (0, 16), (0, 4), (0, 32), (0, 20), (0, 17), (0, 68), (64, 80), (64, 65), (64, 96), (64, 100), (64, 97), (64, 4), (64, 82), (64, 74), (64, 90), (1, 65), (1, 17), (1, 5), (1, 13), (1, 32), (1, 16), (1, 3), (65, 81), (65, 113), (65, 64), (2, 66), (2, 18), (2, 34), (2, 38), (2, 4), (2, 1), (2, 5), (2, 19), (2, 70), (2, 16), (2, 8), (2, 24), (66, 82), (66, 70), (66, 67), (66, 64), (66, 68), (66, 65), (66, 69), (66, 6), (3, 67), (3, 19), (3, 11), (3, 7), (3, 0), (3, 4), (3, 5), (3, 18), (3, 6), (3, 22), (67, 83), (67, 99), (67, 87), (67, 64), (67, 68), (67, 65), (67, 69), (32, 96), (32, 48), (32, 40), (32, 36), (32, 52), (32, 64), (32, 4), (32, 68), (32, 34), (32, 33), (96, 104), (96, 97), (96, 65), (96, 0), (96, 4), (96, 68), (33, 97), (33, 49), (33, 37), (33, 0), (33, 65), (33, 5), (33, 69), (33, 101), (33, 35), (97, 105), (97, 81), (97, 1), (97, 5), (97, 69), (97, 37), (34, 98), (34, 50), (34, 36), (34, 37), (34, 66), (34, 6), (34, 70), (34, 51), (34, 35), (98, 106), (98, 102), (98, 99), (98, 96), (98, 100), (98, 97), (98, 101), (98, 2), (98, 6), (98, 70), (35, 99), (35, 51), (35, 43), (35, 36), (35, 37), (35, 50), (35, 38), (35, 54), (35, 67), (35, 71), (35, 103), (99, 103), (99, 119), (99, 111), (99, 96), (99, 100), (99, 97), (99, 101), (99, 3), (99, 7), (99, 71), (99, 39), (4, 68), (4, 70), (4, 20), (4, 36), (4, 16), (68, 84), (68, 70), (68, 71), (68, 69), (68, 96), (68, 100), (68, 101), (70, 86), (70, 71), (70, 64), (70, 65), (70, 69), (5, 69), (5, 71), (5, 21), (5, 13), (5, 4), (5, 36), (5, 1), (5, 23), (5, 15), (5, 31), (69, 101), (69, 85), (69, 70), (69, 71), (69, 117), (69, 65), (69, 68), (71, 103), (71, 87), (71, 79), (71, 83), (71, 64), (71, 68), (71, 65), (71, 67), (6, 68), (6, 70), (6, 22), (6, 34), (6, 38), (6, 0), (6, 4), (6, 1), (6, 5), (6, 23), (7, 69), (7, 71), (7, 23), (7, 4), (7, 6), (7, 0), (7, 1), (7, 5), (7, 2), (7, 18), (7, 22), (36, 100), (36, 102), (36, 48), (36, 0), (36, 64), (36, 68), (36, 37), (100, 108), (100, 101), (100, 69), (100, 0), (100, 64), (100, 4), (102, 103), (102, 96), (102, 100), (102, 97), (102, 101), (102, 2), (102, 66), (102, 6), (37, 101), (37, 103), (37, 36), (37, 4), (37, 1), (37, 65), (37, 69), (101, 85), (101, 1), (101, 65), (101, 5), (103, 111), (103, 115), (103, 96), (103, 100), (103, 97), (103, 101), (103, 3), (103, 67), (103, 7), (103, 71), (38, 100), (38, 102), (38, 54), (38, 32), (38, 36), (38, 33), (38, 37), (38, 2), (38, 66), (38, 70), (38, 39), (39, 101), (39, 103), (39, 55), (39, 47), (39, 36), (39, 38), (39, 32), (39, 33), (39, 37), (39, 34), (39, 50), (39, 54), (39, 67), (39, 71), (8, 72), (8, 24), (8, 12), (8, 0), (8, 64), (8, 2), (8, 66), (8, 13), (8, 76), (72, 88), (72, 73), (72, 105), (72, 104), (72, 0), (72, 64), (72, 2), (72, 66), (72, 89), (72, 12), (72, 82), (72, 74), (72, 90), (9, 73), (9, 25), (9, 13), (9, 29), (9, 1), (9, 65), (9, 3), (9, 67), (9, 5), (9, 8), (73, 89), (73, 1), (73, 65), (73, 3), (73, 67), (73, 72), (10, 74), (10, 26), (10, 58), (10, 30), (10, 62), (10, 0), (10, 64), (10, 2), (10, 66), (10, 8), (10, 12), (10, 9), (10, 13), (10, 78), (10, 16), (10, 24), (74, 78), (74, 75), (74, 107), (74, 106), (74, 0), (74, 64), (74, 2), (74, 66), (74, 76), (74, 77), (74, 14), (11, 75), (11, 27), (11, 15), (11, 1), (11, 65), (11, 3), (11, 67), (11, 8), (11, 12), (11, 9), (11, 13), (11, 10), (75, 1), (75, 65), (75, 3), (75, 67), (75, 76), (75, 77), (75, 74), (40, 104), (40, 56), (40, 44), (40, 32), (40, 96), (40, 34), (40, 98), (40, 45), (40, 72), (40, 76), (40, 48), (104, 73), (104, 105), (104, 32), (104, 34), (104, 98), (104, 121), (104, 8), (104, 12), (104, 76), (41, 105), (41, 57), (41, 45), (41, 61), (41, 33), (41, 97), (41, 35), (41, 99), (41, 9), (41, 73), (41, 13), (41, 77), (41, 109), (105, 33), (105, 35), (105, 9), (105, 13), (105, 45), (42, 106), (42, 58), (42, 26), (42, 30), (42, 62), (42, 32), (42, 96), (42, 34), (42, 98), (42, 40), (42, 44), (42, 41), (42, 45), (42, 74), (42, 14), (42, 78), (106, 122), (106, 110), (106, 75), (106, 107), (106, 32), (106, 96), (106, 34), (106, 104), (106, 108), (106, 105), (106, 109), (106, 123), (106, 10), (106, 14), (106, 78), (43, 107), (43, 59), (43, 33), (43, 97), (43, 35), (43, 99), (43, 40), (43, 44), (43, 41), (43, 45), (43, 11), (43, 75), (43, 15), (43, 79), (43, 111), (107, 123), (107, 111), (107, 33), (107, 97), (107, 35), (107, 99), (107, 103), (107, 104), (107, 108), (107, 105), (107, 109), (107, 11), (107, 15), (107, 47), (12, 76), (12, 78), (12, 77), (12, 79), (12, 28), (12, 4), (12, 68), (12, 6), (12, 70), (12, 9), (12, 13), (12, 14), (76, 92), (76, 108), (76, 4), (76, 68), (76, 6), (76, 70), (76, 77), (76, 93), (78, 94), (78, 110), (78, 4), (78, 6), (78, 70), (78, 72), (78, 73), (78, 79), (78, 95), (77, 93), (77, 5), (77, 69), (77, 7), (77, 71), (77, 73), (79, 95), (79, 5), (79, 69), (79, 7), (79, 72), (79, 73), (79, 75), (13, 76), (13, 78), (13, 77), (13, 79), (13, 29), (13, 25), (13, 69), (13, 7), (13, 71), (13, 9), (13, 23), (13, 15), (13, 31), (14, 76), (14, 78), (14, 77), (14, 79), (14, 30), (14, 12), (14, 26), (14, 58), (14, 62), (14, 4), (14, 68), (14, 6), (14, 70), (14, 8), (14, 9), (14, 13), (14, 15), (15, 76), (15, 78), (15, 77), (15, 79), (15, 31), (15, 13), (15, 5), (15, 69), (15, 7), (15, 71), (15, 8), (15, 12), (15, 9), (44, 108), (44, 110), (44, 109), (44, 111), (44, 60), (44, 36), (44, 100), (44, 38), (44, 102), (44, 41), (44, 45), (44, 72), (44, 76), (108, 36), (108, 38), (108, 102), (108, 109), (108, 8), (108, 72), (108, 12), (110, 126), (110, 36), (110, 100), (110, 38), (110, 102), (110, 104), (110, 108), (110, 105), (110, 109), (110, 111), (110, 127), (110, 10), (110, 74), (110, 14), (109, 37), (109, 101), (109, 39), (109, 103), (109, 9), (109, 13), (111, 127), (111, 37), (111, 101), (111, 39), (111, 104), (111, 108), (111, 105), (111, 109), (111, 11), (111, 15), (45, 108), (45, 110), (45, 109), (45, 111), (45, 61), (45, 57), (45, 37), (45, 101), (45, 39), (45, 103), (45, 9), (45, 73), (45, 13), (45, 77), (46, 108), (46, 110), (46, 109), (46, 111), (46, 62), (46, 26), (46, 58), (46, 30), (46, 36), (46, 100), (46, 38), (46, 102), (46, 40), (46, 44), (46, 41), (46, 45), (46, 47), (46, 10), (46, 74), (46, 78), (47, 108), (47, 110), (47, 109), (47, 111), (47, 63), (47, 37), (47, 101), (47, 39), (47, 103), (47, 40), (47, 44), (47, 41), (47, 45), (47, 11), (47, 75), (47, 15), (47, 79), (16, 80), (16, 20), (16, 84), (80, 112), (80, 96), (80, 81), (80, 113), (80, 20), (80, 84), (80, 66), (80, 82), (80, 74), (80, 90), (17, 81), (17, 49), (17, 51), (17, 1), (17, 33), (17, 5), (17, 37), (17, 16), (17, 48), (17, 19), (18, 82), (18, 50), (18, 20), (18, 21), (18, 22), (18, 86), (18, 0), (18, 8), (18, 24), (82, 80), (82, 81), (82, 84), (82, 85), (82, 22), (82, 86), (19, 83), (19, 49), (19, 51), (19, 16), (19, 20), (19, 21), (19, 2), (19, 18), (19, 6), (19, 22), (83, 80), (83, 81), (83, 84), (83, 85), (48, 112), (48, 80), (48, 20), (48, 84), (48, 50), (112, 64), (112, 96), (112, 81), (112, 113), (112, 16), (112, 20), (112, 84), (49, 113), (49, 1), (49, 5), (49, 37), (49, 16), (49, 48), (49, 81), (49, 85), (49, 53), (49, 117), (49, 51), (113, 17), (113, 81), (113, 21), (113, 85), (113, 53), (50, 114), (50, 52), (50, 53), (50, 82), (50, 22), (50, 86), (50, 54), (114, 112), (114, 116), (114, 113), (114, 117), (114, 18), (114, 22), (114, 86), (114, 118), (114, 115), (51, 115), (51, 48), (51, 52), (51, 53), (51, 34), (51, 50), (51, 38), (51, 54), (51, 83), (51, 23), (51, 87), (51, 119), (115, 112), (115, 116), (115, 113), (115, 117), (115, 19), (115, 83), (115, 23), (115, 87), (115, 55), (115, 119), (84, 116), (84, 100), (84, 85), (84, 117), (20, 84), (20, 4), (20, 5), (20, 22), (21, 17), (21, 1), (21, 33), (21, 5), (21, 37), (21, 20), (21, 52), (21, 4), (21, 7), (21, 23), (21, 15), (21, 31), (86, 85), (86, 80), (86, 81), (22, 16), (22, 17), (22, 86), (23, 16), (23, 20), (23, 17), (23, 2), (23, 18), (23, 6), (23, 22), (87, 84), (87, 80), (87, 81), (116, 112), (116, 68), (116, 100), (116, 85), (116, 117), (116, 16), (116, 80), (116, 20), (52, 48), (52, 20), (52, 16), (52, 80), (52, 84), (53, 1), (53, 33), (53, 5), (53, 37), (53, 20), (53, 52), (53, 81), (53, 85), (53, 55), (117, 113), (117, 17), (117, 81), (117, 21), (117, 85), (118, 116), (118, 117), (118, 112), (118, 113), (118, 18), (118, 82), (118, 22), (118, 119), (54, 48), (54, 49), (54, 18), (54, 82), (54, 22), (54, 86), (55, 51), (55, 48), (55, 52), (55, 49), (55, 34), (55, 50), (55, 54), (55, 19), (55, 83), (55, 87), (119, 116), (119, 117), (119, 112), (119, 113), (119, 19), (119, 83), (119, 23), (119, 87), (88, 80), (88, 92), (88, 89), (88, 121), (88, 76), (88, 16), (88, 18), (88, 82), (88, 73), (88, 28), (88, 66), (88, 74), (88, 90), (24, 16), (24, 28), (24, 80), (24, 18), (24, 82), (24, 25), (24, 29), (24, 92), (25, 57), (25, 59), (25, 17), (25, 81), (25, 19), (25, 83), (25, 89), (25, 27), (89, 81), (89, 93), (89, 17), (89, 19), (89, 83), (89, 88), (90, 82), (90, 94), (90, 91), (90, 123), (90, 122), (90, 16), (90, 80), (90, 18), (90, 92), (90, 89), (90, 93), (90, 75), (90, 30), (26, 18), (26, 30), (26, 16), (26, 80), (26, 82), (26, 28), (26, 29), (26, 27), (26, 94), (26, 0), (26, 8), (27, 57), (27, 59), (27, 19), (27, 31), (27, 17), (27, 81), (27, 83), (27, 28), (27, 29), (27, 91), (91, 83), (91, 95), (91, 123), (91, 127), (91, 75), (91, 107), (91, 79), (91, 111), (91, 17), (91, 81), (91, 19), (91, 88), (91, 92), (91, 93), (91, 90), (120, 89), (120, 121), (120, 104), (120, 108), (120, 48), (120, 50), (120, 114), (120, 105), (120, 24), (120, 28), (120, 92), (56, 48), (56, 112), (56, 50), (56, 114), (56, 57), (56, 61), (56, 120), (56, 24), (56, 88), (56, 28), (56, 92), (56, 32), (56, 58), (57, 49), (57, 61), (57, 25), (57, 113), (57, 51), (57, 115), (57, 89), (57, 29), (57, 93), (57, 125), (57, 59), (121, 93), (121, 105), (121, 49), (121, 51), (121, 25), (121, 29), (121, 61), (122, 126), (122, 91), (122, 123), (122, 48), (122, 112), (122, 50), (122, 120), (122, 124), (122, 121), (122, 125), (122, 26), (122, 30), (122, 94), (58, 50), (58, 62), (58, 26), (58, 48), (58, 112), (58, 114), (58, 60), (58, 57), (58, 61), (58, 59), (58, 122), (58, 90), (58, 30), (58, 94), (59, 51), (59, 49), (59, 113), (59, 115), (59, 56), (59, 60), (59, 61), (59, 91), (59, 31), (59, 95), (59, 127), (123, 115), (123, 127), (123, 75), (123, 79), (123, 111), (123, 49), (123, 113), (123, 51), (123, 120), (123, 124), (123, 121), (123, 125), (123, 27), (123, 31), (123, 95), (123, 63), (92, 84), (92, 72), (92, 20), (92, 22), (92, 86), (92, 77), (92, 93), (28, 20), (28, 29), (28, 61), (28, 31), (28, 63), (28, 84), (28, 22), (28, 86), (28, 25), (28, 92), (28, 30), (93, 85), (93, 21), (93, 23), (93, 87), (29, 85), (29, 23), (29, 87), (29, 25), (29, 7), (29, 15), (29, 31), (29, 28), (94, 86), (94, 126), (94, 20), (94, 22), (94, 88), (94, 89), (94, 93), (94, 79), (94, 95), (30, 22), (30, 29), (30, 61), (30, 31), (30, 63), (30, 20), (30, 84), (30, 86), (30, 24), (30, 25), (30, 94), (95, 123), (95, 75), (95, 107), (95, 79), (95, 111), (95, 21), (95, 85), (95, 23), (95, 88), (95, 89), (31, 23), (31, 21), (31, 85), (31, 87), (31, 24), (31, 28), (31, 25), (31, 30), (124, 104), (124, 108), (124, 52), (124, 54), (124, 118), (124, 109), (124, 125), (124, 24), (124, 88), (124, 28), (60, 52), (60, 29), (60, 61), (60, 31), (60, 63), (60, 116), (60, 54), (60, 118), (60, 57), (60, 24), (60, 88), (60, 28), (60, 92), (125, 117), (125, 89), (125, 93), (125, 109), (125, 53), (125, 55), (125, 119), (125, 25), (125, 29), (61, 53), (61, 117), (61, 55), (61, 119), (61, 25), (61, 89), (61, 93), (61, 63), (126, 118), (126, 124), (126, 52), (126, 116), (126, 54), (126, 120), (126, 121), (126, 125), (126, 111), (126, 127), (126, 26), (126, 90), (126, 30), (62, 54), (62, 29), (62, 31), (62, 63), (62, 30), (62, 52), (62, 116), (62, 118), (62, 56), (62, 57), (62, 26), (62, 90), (62, 94), (127, 125), (127, 75), (127, 107), (127, 79), (127, 53), (127, 117), (127, 55), (127, 120), (127, 121), (127, 27), (127, 91), (127, 31), (127, 95), (63, 55), (63, 53), (63, 117), (63, 119), (63, 56), (63, 57), (63, 27), (63, 91), (63, 95)]
