----------- GRAPH -----------
Number of Preferences: 278
Number of Outcomes: 128
Number of Edges: 1368
----------- STATS -----------
Algorithm used: Algorithm.MFAS
Runtime: 62.580546140670776seconds
Number of Iterations: 15
Number of Rows in Final Cycle Matrix: 3875
History of Number of Rows in the Cycle Matrix: [739, 1228, 1686, 2067, 2414, 2617, 2789, 3022, 3270, 3457, 3637, 3799, 3827, 3860, 3875]
Number of Constraints in Final Iteration: 3875
History of Constraint Nums: [739, 1228, 1686, 2067, 2414, 2617, 2789, 3022, 3270, 3457, 3637, 3799, 3827, 3860, 3875]
Number of Edges Removed: 452
Feedback Edge Set: [(64, 72), (64, 104), (64, 2), (64, 80), (64, 66), (64, 65), (64, 73), (64, 68), (0, 16), (0, 2), (0, 1), (0, 9), (0, 64), (0, 65), (32, 8), (32, 34), (32, 96), (32, 97), (32, 48), (32, 40), (32, 56), (72, 104), (72, 88), (72, 73), (72, 76), (8, 72), (8, 88), (8, 10), (8, 1), (8, 9), (8, 73), (40, 42), (40, 104), (40, 105), (40, 57), (96, 64), (96, 80), (96, 72), (96, 104), (96, 98), (96, 100), (65, 1), (65, 73), (65, 72), (65, 97), (65, 81), (1, 33), (1, 9), (1, 3), (73, 105), (9, 73), (97, 33), (97, 105), (41, 105), (41, 57), (41, 33), (66, 2), (66, 90), (66, 74), (66, 70), (2, 3), (74, 10), (74, 72), (74, 78), (74, 75), (10, 18), (10, 2), (10, 42), (10, 75), (10, 11), (98, 34), (98, 74), (98, 106), (98, 50), (98, 99), (34, 50), (34, 58), (34, 35), (34, 2), (34, 18), (34, 42), (34, 38), (106, 42), (106, 104), (42, 50), (3, 35), (67, 75), (67, 65), (67, 66), (67, 99), (67, 71), (75, 73), (11, 75), (11, 43), (11, 9), (11, 35), (11, 3), (35, 33), (99, 75), (99, 97), (99, 43), (107, 75), (107, 105), (107, 106), (107, 99), (43, 41), (43, 42), (43, 105), (4, 20), (68, 4), (68, 76), (100, 68), (100, 102), (100, 108), (12, 76), (12, 44), (12, 60), (12, 28), (12, 14), (12, 13), (12, 45), (108, 76), (108, 104), (108, 110), (108, 44), (44, 60), (44, 45), (44, 36), (69, 5), (69, 85), (69, 65), (69, 71), (69, 13), (69, 77), (69, 68), (69, 101), (69, 4), (5, 53), (5, 21), (5, 13), (5, 4), (77, 13), (77, 73), (77, 79), (77, 76), (77, 85), (77, 12), (13, 45), (13, 61), (101, 37), (101, 85), (101, 97), (101, 103), (101, 68), (101, 36), (101, 100), (37, 53), (37, 33), (37, 39), (37, 4), (37, 5), (37, 21), (37, 36), (109, 45), (109, 77), (109, 125), (109, 105), (109, 111), (109, 76), (109, 61), (109, 44), (109, 108), (45, 61), (45, 41), (45, 53), (70, 6), (70, 102), (70, 86), (70, 4), (70, 68), (6, 22), (6, 14), (6, 4), (38, 39), (38, 102), (38, 6), (38, 22), (78, 14), (78, 110), (78, 94), (78, 76), (14, 30), (46, 62), (46, 38), (46, 42), (46, 47), (46, 14), (46, 102), (46, 110), (46, 111), (46, 30), (46, 63), (102, 118), (102, 110), (7, 23), (7, 15), (7, 31), (7, 5), (71, 7), (71, 79), (71, 103), (71, 86), (103, 55), (103, 102), (79, 75), (79, 15), (79, 111), (111, 127), (111, 103), (111, 110), (111, 105), (15, 31), (15, 23), (15, 13), (39, 55), (39, 47), (80, 81), (16, 18), (16, 17), (16, 80), (16, 81), (48, 50), (48, 113), (48, 40), (24, 8), (24, 16), (24, 80), (24, 26), (24, 17), (24, 25), (24, 88), (24, 89), (24, 9), (56, 40), (56, 48), (56, 58), (56, 120), (56, 121), (112, 48), (112, 80), (112, 88), (112, 114), (120, 104), (120, 88), (81, 85), (17, 33), (17, 81), (89, 73), (89, 88), (89, 81), (89, 121), (89, 85), (25, 9), (25, 17), (25, 49), (25, 27), (25, 88), (25, 89), (25, 8), (113, 81), (113, 97), (113, 121), (49, 33), (49, 17), (49, 51), (49, 113), (49, 1), (49, 41), (49, 57), (49, 53), (121, 57), (121, 105), (121, 81), (18, 50), (18, 2), (82, 90), (82, 80), (82, 18), (82, 2), (82, 66), (82, 74), (82, 86), (114, 90), (114, 122), (26, 18), (26, 27), (26, 50), (26, 58), (90, 88), (90, 26), (90, 94), (122, 120), (122, 58), (122, 106), (122, 50), (58, 50), (58, 42), (58, 62), (19, 17), (19, 51), (19, 2), (19, 18), (19, 3), (19, 11), (19, 27), (83, 81), (83, 66), (83, 82), (115, 67), (115, 83), (115, 123), (115, 113), (115, 51), (115, 43), (115, 107), (115, 59), (27, 3), (91, 89), (91, 27), (91, 123), (91, 67), (91, 83), (91, 74), (91, 90), (123, 75), (123, 121), (123, 57), (123, 59), (123, 107), (123, 99), (123, 125), (51, 3), (51, 43), (51, 35), (59, 51), (59, 57), (59, 11), (59, 27), (59, 42), (59, 43), (20, 85), (84, 80), (84, 86), (84, 85), (84, 4), (84, 68), (84, 92), (28, 44), (28, 60), (92, 88), (92, 94), (92, 12), (92, 76), (52, 53), (52, 36), (116, 68), (116, 84), (116, 112), (116, 118), (116, 117), (116, 52), (116, 85), (116, 100), (116, 124), (60, 61), (60, 52), (124, 92), (124, 120), (124, 126), (124, 125), (124, 44), (124, 108), (21, 53), (21, 85), (21, 20), (53, 61), (93, 29), (93, 61), (93, 89), (93, 92), (93, 125), (93, 85), (93, 28), (29, 45), (29, 61), (29, 31), (29, 28), (61, 57), (117, 21), (117, 53), (117, 85), (117, 125), (117, 113), (117, 119), (117, 52), (125, 61), (125, 127), (125, 60), (86, 22), (86, 30), (86, 118), (86, 94), (22, 30), (22, 20), (30, 62), (30, 28), (94, 30), (118, 62), (54, 50), (54, 55), (54, 22), (54, 118), (54, 6), (54, 38), (54, 39), (54, 62), (126, 62), (126, 127), (126, 94), (126, 110), (126, 118), (23, 31), (23, 21), (87, 95), (87, 83), (87, 7), (87, 71), (87, 79), (87, 119), (87, 85), (95, 91), (95, 31), (95, 127), (95, 71), (95, 93), (55, 63), (119, 127), (119, 55), (119, 118), (119, 102), (119, 103), (63, 62)]
----------- STATS -----------
Algorithm used: Algorithm.EDGES
Runtime: 447.5809111595154seconds
Number of Iterations: 7
Number of Rows in Final Cycle Matrix: 1632
History of Number of Rows in the Cycle Matrix: [739, 1047, 1371, 1506, 1556, 1564, 1632]
Number of Constraints in Final Iteration: 8970
History of Constraint Nums: [8077, 8385, 8709, 8844, 8894, 8902, 8970]
Number of Prefs Removed (size of minFBPS): 137
Minimum Feedback Pref Set: [0, 1, 2, 3, 5, 6, 8, 9, 13, 14, 17, 18, 21, 22, 27, 28, 29, 30, 38, 40, 43, 46, 48, 49, 50, 51, 52, 53, 54, 56, 57, 59, 60, 61, 62, 63, 64, 65, 68, 69, 72, 73, 77, 80, 82, 83, 84, 85, 86, 87, 88, 89, 91, 92, 93, 95, 97, 98, 100, 101, 102, 103, 107, 108, 110, 111, 115, 117, 120, 121, 122, 123, 124, 128, 131, 132, 134, 135, 136, 137, 138, 139, 140, 143, 146, 147, 148, 149, 150, 151, 152, 153, 154, 155, 156, 158, 159, 160, 161, 162, 163, 164, 166, 167, 170, 172, 173, 175, 176, 178, 180, 182, 184, 188, 191, 196, 209, 215, 226, 230, 232, 238, 242, 243, 245, 250, 251, 253, 254, 261, 262, 264, 265, 266, 267, 268, 276]
Number of Edges Removed: 579
Feedback Edge Set: [(64, 0), (64, 32), (64, 72), (64, 104), (64, 2), (64, 66), (64, 96), (64, 68), (0, 16), (0, 2), (32, 40), (32, 56), (72, 8), (72, 40), (72, 104), (72, 120), (72, 24), (72, 0), (72, 74), (72, 76), (8, 32), (8, 24), (8, 88), (8, 64), (8, 10), (40, 120), (96, 0), (96, 32), (96, 104), (96, 98), (96, 100), (104, 8), (104, 40), (104, 56), (104, 106), (104, 108), (65, 1), (65, 73), (65, 0), (65, 64), (65, 8), (65, 72), (65, 67), (65, 97), (65, 69), (65, 77), (1, 33), (1, 49), (1, 0), (1, 8), (1, 72), (1, 3), (73, 9), (73, 0), (73, 64), (73, 8), (73, 72), (73, 11), (73, 25), (73, 75), (73, 105), (73, 69), (73, 77), (9, 0), (9, 64), (9, 8), (9, 25), (9, 89), (9, 1), (9, 11), (97, 33), (97, 105), (97, 32), (97, 40), (97, 104), (97, 113), (97, 99), (33, 40), (33, 104), (33, 37), (33, 53), (105, 41), (105, 32), (105, 96), (105, 40), (105, 57), (105, 33), (105, 107), (41, 32), (41, 96), (41, 121), (41, 33), (41, 97), (41, 45), (41, 61), (66, 2), (66, 82), (66, 0), (66, 83), (66, 70), (2, 34), (2, 18), (2, 42), (74, 10), (74, 82), (74, 98), (74, 66), (74, 78), (10, 18), (10, 2), (10, 34), (10, 42), (98, 34), (98, 122), (98, 50), (34, 50), (34, 32), (34, 114), (34, 38), (34, 46), (106, 42), (106, 114), (106, 122), (106, 34), (106, 98), (42, 50), (42, 58), (42, 34), (42, 40), (42, 98), (42, 38), (42, 46), (3, 75), (3, 19), (3, 2), (3, 35), (3, 83), (3, 18), (67, 83), (67, 91), (67, 66), (67, 99), (67, 19), (67, 82), (67, 71), (75, 83), (75, 74), (75, 9), (75, 11), (75, 99), (75, 107), (75, 67), (75, 79), (11, 67), (11, 43), (11, 19), (11, 10), (11, 35), (11, 3), (11, 26), (35, 51), (35, 33), (35, 34), (99, 98), (107, 75), (107, 91), (107, 115), (107, 123), (107, 106), (107, 59), (107, 99), (43, 99), (43, 51), (43, 59), (43, 41), (43, 42), (43, 123), (4, 20), (4, 6), (4, 5), (4, 37), (4, 13), (4, 45), (68, 84), (68, 70), (68, 69), (68, 101), (68, 77), (68, 109), (68, 4), (68, 6), (68, 76), (68, 100), (100, 102), (100, 77), (100, 109), (12, 44), (12, 60), (12, 14), (12, 5), (12, 37), (12, 13), (12, 45), (76, 78), (76, 69), (76, 101), (76, 77), (76, 109), (76, 12), (76, 14), (76, 108), (108, 124), (108, 100), (108, 110), (108, 69), (108, 101), (108, 44), (108, 46), (36, 52), (36, 44), (36, 13), (36, 45), (44, 60), (44, 5), (44, 37), (69, 5), (69, 85), (69, 71), (69, 101), (69, 4), (5, 37), (5, 53), (5, 21), (5, 7), (77, 13), (77, 69), (77, 79), (77, 109), (77, 85), (77, 12), (13, 45), (13, 61), (13, 5), (13, 15), (101, 37), (101, 103), (101, 36), (101, 100), (37, 53), (37, 36), (109, 45), (109, 125), (109, 101), (109, 111), (109, 61), (109, 44), (109, 108), (45, 61), (45, 125), (45, 44), (70, 6), (70, 38), (70, 102), (70, 4), (6, 38), (6, 54), (6, 22), (6, 14), (38, 54), (38, 46), (78, 14), (78, 46), (78, 110), (78, 94), (78, 12), (14, 46), (14, 30), (102, 6), (102, 38), (102, 118), (102, 110), (102, 126), (110, 14), (110, 46), (110, 126), (110, 44), (7, 23), (7, 15), (7, 31), (71, 7), (71, 79), (71, 95), (71, 103), (103, 119), (103, 55), (103, 111), (103, 102), (79, 95), (79, 15), (79, 111), (111, 127), (111, 110), (15, 31), (39, 55), (39, 47), (39, 119), (39, 38), (47, 46), (80, 16), (80, 48), (80, 24), (80, 56), (80, 64), (80, 18), (80, 82), (80, 112), (80, 84), (16, 24), (16, 18), (48, 32), (48, 56), (48, 96), (48, 40), (24, 8), (24, 80), (24, 26), (24, 9), (56, 40), (88, 16), (88, 48), (88, 24), (88, 56), (88, 104), (88, 120), (88, 72), (88, 26), (88, 90), (88, 92), (112, 16), (112, 48), (112, 24), (112, 56), (112, 32), (112, 114), (112, 116), (120, 16), (120, 48), (120, 24), (120, 56), (120, 104), (120, 58), (120, 122), (120, 124), (81, 17), (81, 65), (81, 89), (81, 121), (81, 80), (81, 1), (81, 83), (81, 113), (81, 85), (81, 93), (81, 16), (17, 33), (17, 49), (17, 16), (17, 65), (17, 19), (89, 25), (89, 73), (89, 88), (89, 27), (89, 91), (89, 121), (89, 85), (89, 93), (89, 24), (25, 9), (25, 17), (25, 49), (25, 24), (25, 27), (25, 8), (113, 49), (113, 121), (113, 51), (113, 115), (113, 48), (49, 33), (49, 37), (49, 53), (121, 57), (121, 105), (121, 59), (121, 49), (121, 123), (121, 56), (57, 41), (57, 49), (57, 113), (57, 45), (57, 61), (18, 50), (18, 27), (18, 58), (82, 91), (82, 16), (82, 18), (82, 86), (114, 123), (26, 18), (26, 19), (26, 50), (26, 58), (90, 83), (90, 24), (90, 26), (90, 114), (90, 66), (90, 82), (90, 94), (122, 115), (122, 56), (122, 58), (122, 50), (122, 114), (50, 48), (50, 59), (50, 54), (50, 62), (58, 50), (58, 56), (58, 51), (58, 114), (58, 54), (58, 62), (19, 51), (19, 59), (19, 2), (19, 18), (83, 115), (83, 123), (83, 66), (83, 82), (83, 87), (115, 49), (115, 51), (27, 59), (27, 19), (27, 51), (27, 3), (27, 10), (27, 26), (91, 25), (91, 27), (91, 115), (91, 123), (91, 67), (91, 83), (91, 74), (91, 90), (91, 95), (123, 75), (123, 91), (123, 57), (123, 59), (123, 99), (123, 115), (51, 49), (59, 51), (59, 57), (20, 60), (20, 22), (20, 21), (20, 68), (84, 86), (84, 85), (84, 4), (84, 92), (84, 116), (28, 44), (28, 60), (28, 30), (28, 29), (28, 12), (28, 76), (92, 116), (92, 94), (92, 93), (92, 12), (92, 76), (92, 124), (52, 28), (52, 60), (116, 118), (116, 52), (116, 100), (60, 108), (124, 84), (124, 116), (124, 126), (124, 44), (85, 21), (85, 53), (85, 87), (85, 5), (85, 117), (85, 20), (21, 37), (21, 53), (21, 23), (21, 69), (53, 61), (53, 52), (93, 29), (93, 61), (93, 95), (93, 125), (93, 69), (93, 85), (93, 28), (29, 45), (29, 61), (29, 31), (61, 60), (117, 21), (117, 53), (117, 119), (117, 52), (117, 116), (125, 29), (125, 61), (125, 127), (125, 117), (125, 60), (125, 124), (86, 22), (86, 30), (86, 118), (86, 94), (86, 126), (86, 6), (86, 70), (22, 38), (22, 54), (22, 70), (22, 30), (30, 62), (94, 22), (94, 30), (94, 126), (118, 54), (118, 62), (118, 94), (118, 126), (118, 110), (54, 62), (62, 46), (62, 110), (126, 62), (126, 46), (23, 71), (23, 15), (23, 31), (87, 95), (87, 7), (87, 71), (87, 79), (87, 119), (95, 31), (95, 127), (55, 63), (55, 54), (119, 127), (119, 55), (119, 118), (127, 126), (63, 62)]
----------- STATS -----------
Algorithm used: Algorithm.PREFS
Runtime: 41.21876859664917seconds
Number of Iterations: 8
Number of Rows in Final Cycle Matrix: 1614
History of Number of Rows in the Cycle Matrix: [739, 1015, 1195, 1352, 1547, 1550, 1551, 1614]
Number of Constraints in Final Iteration: 3604
History of Constraint Nums: [2729, 3005, 3185, 3342, 3537, 3540, 3541, 3604]
Number of Prefs Removed (size of minFBPS): 106
Minimum Feedback Pref Set: [1, 3, 4, 5, 6, 7, 8, 9, 10, 11, 13, 14, 15, 21, 28, 29, 40, 48, 49, 50, 51, 56, 59, 60, 61, 63, 64, 65, 68, 70, 78, 81, 82, 83, 85, 92, 99, 116, 121, 127, 128, 129, 130, 131, 132, 134, 143, 145, 148, 158, 160, 162, 164, 165, 166, 167, 168, 170, 172, 178, 181, 182, 183, 186, 188, 189, 190, 191, 195, 196, 198, 199, 200, 201, 202, 203, 207, 209, 211, 217, 218, 219, 228, 229, 230, 232, 234, 238, 241, 243, 249, 251, 252, 254, 261, 262, 264, 265, 266, 267, 268, 272, 274, 275, 276, 277]
Number of Edges Removed: 697
Feedback Edge Set: [(64, 72), (64, 104), (64, 65), (64, 73), (64, 96), (64, 68), (0, 16), (0, 1), (0, 9), (0, 64), (0, 65), (32, 8), (32, 96), (32, 97), (32, 16), (32, 48), (32, 40), (32, 56), (72, 104), (72, 120), (72, 65), (72, 73), (72, 76), (8, 72), (8, 1), (8, 9), (8, 73), (40, 104), (40, 105), (40, 24), (96, 72), (96, 104), (96, 100), (104, 64), (104, 72), (104, 108), (65, 1), (65, 97), (65, 69), (65, 77), (73, 65), (73, 105), (73, 81), (73, 69), (73, 77), (9, 1), (9, 73), (97, 33), (97, 73), (97, 113), (33, 1), (33, 9), (33, 49), (33, 17), (33, 37), (33, 53), (105, 41), (105, 65), (105, 33), (105, 97), (41, 105), (41, 107), (41, 1), (41, 33), (41, 97), (41, 25), (41, 45), (41, 61), (66, 82), (66, 90), (66, 74), (66, 106), (66, 64), (66, 83), (66, 70), (66, 67), (2, 18), (2, 26), (2, 0), (2, 42), (2, 10), (2, 66), (2, 67), (2, 3), (74, 72), (74, 98), (74, 78), (74, 75), (10, 18), (10, 8), (10, 74), (10, 34), (10, 42), (10, 75), (10, 11), (98, 122), (98, 74), (98, 106), (98, 96), (98, 99), (98, 115), (98, 100), (34, 58), (34, 32), (34, 35), (34, 98), (34, 99), (34, 2), (34, 18), (34, 42), (34, 38), (34, 46), (106, 114), (106, 122), (106, 104), (106, 107), (106, 108), (42, 50), (42, 58), (42, 40), (42, 43), (42, 106), (42, 107), (42, 26), (42, 38), (42, 46), (3, 75), (3, 19), (3, 1), (3, 35), (3, 83), (3, 18), (3, 66), (67, 83), (67, 91), (67, 65), (67, 99), (67, 19), (67, 82), (67, 71), (75, 83), (75, 73), (75, 99), (75, 107), (75, 67), (75, 79), (11, 67), (11, 75), (11, 19), (11, 9), (11, 35), (11, 3), (11, 26), (11, 74), (35, 33), (35, 98), (99, 97), (99, 114), (99, 101), (107, 115), (107, 123), (107, 105), (107, 59), (107, 99), (107, 109), (43, 99), (43, 107), (43, 51), (43, 59), (43, 41), (43, 105), (43, 123), (43, 106), (43, 11), (43, 27), (4, 68), (4, 100), (4, 20), (4, 12), (4, 69), (4, 28), (68, 84), (68, 76), (68, 100), (100, 116), (100, 117), (100, 108), (12, 76), (12, 108), (12, 44), (12, 60), (12, 28), (12, 77), (12, 29), (76, 108), (108, 124), (36, 68), (36, 52), (36, 44), (36, 101), (36, 20), (44, 76), (44, 108), (44, 60), (44, 12), (44, 109), (44, 28), (69, 85), (69, 13), (69, 77), (69, 68), (69, 101), (69, 4), (5, 37), (5, 53), (5, 21), (5, 13), (5, 77), (5, 4), (5, 68), (5, 69), (77, 76), (77, 109), (77, 12), (13, 45), (13, 61), (13, 12), (13, 76), (13, 77), (13, 28), (101, 37), (101, 68), (101, 116), (101, 36), (101, 100), (37, 4), (37, 5), (37, 100), (37, 21), (37, 36), (109, 45), (109, 125), (109, 76), (109, 61), (109, 44), (109, 108), (45, 61), (45, 12), (45, 13), (45, 125), (45, 108), (45, 29), (45, 44), (70, 38), (70, 86), (70, 87), (70, 68), (6, 22), (6, 70), (6, 71), (6, 14), (6, 4), (38, 6), (38, 103), (38, 22), (38, 46), (78, 46), (78, 76), (14, 30), (14, 78), (14, 79), (14, 12), (46, 62), (46, 14), (46, 110), (46, 111), (46, 30), (46, 63), (102, 6), (102, 38), (102, 70), (102, 110), (102, 126), (102, 96), (102, 100), (110, 14), (110, 126), (110, 78), (110, 104), (110, 108), (7, 71), (7, 103), (7, 79), (7, 111), (7, 23), (7, 15), (7, 31), (7, 70), (7, 5), (71, 87), (71, 79), (71, 95), (71, 103), (71, 86), (71, 69), (103, 111), (103, 102), (103, 97), (103, 101), (79, 111), (79, 77), (111, 127), (111, 110), (111, 105), (111, 109), (15, 71), (15, 103), (15, 79), (15, 111), (15, 78), (15, 13), (39, 71), (39, 79), (39, 111), (39, 47), (39, 38), (39, 102), (39, 23), (47, 71), (47, 103), (47, 79), (47, 63), (47, 46), (47, 110), (47, 31), (47, 62), (80, 48), (80, 24), (80, 56), (80, 64), (80, 81), (80, 89), (80, 112), (80, 84), (16, 24), (16, 17), (16, 25), (16, 80), (16, 81), (48, 56), (48, 24), (48, 113), (48, 0), (48, 40), (24, 8), (24, 17), (24, 25), (24, 88), (24, 89), (24, 9), (56, 40), (56, 16), (56, 120), (56, 121), (56, 8), (88, 48), (88, 56), (88, 104), (88, 120), (88, 72), (88, 81), (88, 89), (88, 92), (112, 16), (112, 48), (112, 24), (112, 56), (112, 88), (112, 116), (120, 16), (120, 48), (120, 24), (120, 104), (120, 80), (120, 88), (120, 124), (81, 17), (81, 65), (81, 1), (81, 113), (81, 85), (81, 93), (81, 16), (17, 65), (17, 80), (89, 73), (89, 81), (89, 121), (89, 65), (89, 85), (89, 93), (89, 24), (25, 9), (25, 17), (25, 49), (25, 88), (25, 89), (25, 8), (113, 48), (49, 33), (49, 17), (49, 25), (49, 112), (49, 113), (49, 1), (49, 37), (49, 53), (121, 105), (121, 81), (121, 49), (121, 113), (121, 56), (57, 41), (57, 17), (57, 49), (57, 113), (57, 120), (57, 121), (57, 9), (57, 45), (57, 61), (18, 82), (18, 114), (18, 16), (18, 19), (18, 27), (18, 58), (18, 10), (18, 26), (18, 83), (82, 90), (82, 122), (82, 80), (82, 83), (82, 91), (82, 74), (82, 86), (114, 90), (114, 122), (114, 112), (114, 115), (114, 123), (114, 116), (26, 90), (26, 122), (26, 24), (26, 19), (26, 27), (26, 50), (26, 58), (26, 91), (90, 88), (90, 83), (90, 91), (90, 114), (90, 94), (122, 120), (122, 115), (122, 123), (122, 124), (50, 82), (50, 48), (50, 51), (50, 59), (50, 115), (50, 2), (50, 18), (50, 34), (50, 35), (50, 42), (50, 58), (50, 54), (50, 62), (58, 90), (58, 122), (58, 56), (58, 51), (58, 59), (58, 123), (58, 10), (58, 54), (58, 62), (19, 115), (19, 17), (19, 51), (19, 59), (19, 2), (19, 18), (19, 82), (83, 81), (83, 115), (83, 123), (83, 66), (83, 82), (83, 87), (115, 113), (115, 117), (27, 91), (27, 123), (27, 19), (27, 25), (27, 51), (27, 3), (27, 10), (27, 26), (27, 90), (91, 89), (91, 115), (91, 123), (91, 67), (91, 83), (91, 74), (91, 90), (91, 95), (123, 121), (123, 99), (123, 115), (123, 125), (51, 83), (51, 115), (51, 49), (51, 114), (51, 34), (51, 35), (59, 91), (59, 123), (59, 51), (59, 57), (59, 122), (59, 11), (59, 27), (20, 28), (20, 60), (20, 85), (20, 12), (84, 92), (84, 116), (28, 44), (28, 60), (28, 12), (28, 76), (28, 93), (92, 12), (92, 76), (92, 124), (52, 28), (52, 60), (52, 21), (52, 117), (52, 4), (52, 37), (116, 52), (116, 85), (116, 124), (60, 28), (60, 29), (60, 125), (60, 12), (124, 93), (85, 21), (85, 53), (85, 93), (85, 125), (85, 29), (85, 84), (85, 117), (85, 20), (21, 37), (21, 53), (21, 29), (21, 93), (21, 20), (21, 84), (53, 61), (53, 20), (53, 21), (53, 116), (53, 117), (53, 5), (53, 36), (53, 37), (53, 52), (93, 61), (93, 92), (93, 125), (93, 28), (29, 45), (29, 61), (29, 28), (29, 92), (29, 93), (61, 28), (61, 29), (61, 124), (61, 13), (61, 60), (117, 21), (117, 93), (117, 125), (117, 84), (117, 52), (117, 116), (125, 29), (125, 61), (125, 92), (125, 60), (125, 124), (86, 22), (86, 30), (86, 94), (86, 126), (86, 84), (22, 87), (22, 7), (22, 30), (22, 20), (30, 14), (30, 78), (30, 95), (30, 28), (94, 22), (94, 30), (94, 14), (94, 78), (94, 92), (118, 54), (118, 62), (118, 94), (118, 126), (118, 86), (118, 102), (118, 103), (118, 110), (118, 112), (118, 116), (54, 22), (54, 118), (54, 119), (54, 6), (54, 38), (54, 39), (54, 62), (62, 30), (62, 127), (62, 14), (126, 62), (126, 94), (126, 120), (126, 124), (23, 95), (23, 15), (23, 31), (23, 86), (23, 6), (23, 21), (87, 95), (87, 79), (87, 119), (87, 85), (95, 127), (95, 93), (31, 87), (31, 95), (31, 94), (31, 15), (31, 29), (55, 119), (55, 127), (55, 63), (55, 54), (55, 118), (55, 7), (55, 38), (55, 39), (119, 127), (119, 118), (119, 102), (119, 103), (119, 113), (119, 117), (127, 126), (127, 121), (127, 125), (63, 119), (63, 62), (63, 126), (63, 15)]
