----------- GRAPH -----------
Number of Preferences: 280
Number of Outcomes: 128
Number of Edges: 1709
----------- STATS -----------
Algorithm used: Algorithm.MFAS
Runtime: 33.94492220878601seconds
Number of Iterations: 12
Number of Rows in Final Cycle Matrix: 3475
History of Number of Rows in the Cycle Matrix: [888, 1529, 2140, 2506, 2765, 2947, 3066, 3142, 3232, 3458, 3464, 3475]
Number of Constraints in Final Iteration: 3475
History of Constraint Nums: [888, 1529, 2140, 2506, 2765, 2947, 3066, 3142, 3232, 3458, 3464, 3475]
Number of Edges Removed: 528
Feedback Edge Set: [(64, 80), (64, 81), (0, 64), (0, 1), (0, 65), (0, 32), (0, 36), (1, 65), (1, 33), (65, 80), (65, 81), (2, 66), (2, 6), (2, 18), (66, 70), (66, 34), (66, 82), (66, 86), (66, 83), (66, 87), (3, 6), (3, 99), (3, 19), (67, 70), (67, 66), (67, 82), (67, 86), (67, 83), (67, 87), (68, 64), (68, 100), (68, 80), (68, 84), (68, 81), (68, 85), (68, 65), (68, 70), (4, 12), (4, 13), (4, 0), (4, 32), (4, 5), (4, 68), (4, 36), (4, 6), (69, 5), (69, 77), (69, 68), (69, 101), (69, 97), (69, 80), (69, 84), (69, 81), (69, 85), (69, 64), (69, 65), (69, 71), (5, 101), (5, 37), (5, 33), (5, 7), (6, 70), (6, 22), (70, 86), (70, 87), (7, 6), (7, 23), (71, 103), (71, 82), (71, 86), (71, 83), (71, 87), (71, 67), (71, 66), (71, 70), (8, 72), (8, 24), (8, 0), (8, 12), (72, 88), (72, 120), (72, 64), (73, 89), (73, 121), (73, 65), (73, 109), (73, 77), (9, 72), (9, 25), (9, 57), (9, 0), (9, 8), (9, 1), (9, 45), (9, 13), (74, 10), (74, 90), (74, 122), (74, 66), (74, 14), (74, 78), (74, 91), (10, 26), (10, 58), (10, 3), (10, 2), (10, 14), (10, 78), (10, 27), (11, 27), (11, 59), (11, 3), (11, 26), (11, 10), (11, 14), (75, 10), (75, 11), (75, 91), (75, 123), (75, 66), (75, 74), (75, 67), (75, 90), (76, 12), (76, 13), (76, 92), (76, 124), (76, 72), (76, 68), (76, 78), (76, 77), (12, 28), (12, 60), (12, 14), (12, 77), (13, 45), (13, 109), (13, 29), (13, 61), (13, 12), (13, 5), (13, 15), (13, 77), (77, 45), (77, 109), (77, 93), (77, 125), (77, 68), (78, 94), (78, 126), (78, 46), (78, 110), (78, 70), (78, 95), (14, 30), (14, 62), (14, 46), (14, 6), (14, 15), (14, 78), (14, 31), (15, 31), (15, 63), (15, 6), (15, 7), (15, 30), (79, 14), (79, 15), (79, 95), (79, 127), (79, 77), (79, 71), (79, 94), (16, 80), (81, 80), (17, 80), (18, 114), (18, 16), (18, 80), (18, 22), (82, 114), (82, 16), (82, 80), (82, 86), (82, 87), (83, 82), (83, 87), (83, 86), (19, 82), (19, 18), (19, 23), (84, 116), (84, 80), (84, 112), (84, 86), (21, 85), (21, 17), (21, 20), (21, 55), (21, 23), (85, 81), (85, 113), (85, 119), (85, 80), (85, 84), (22, 20), (22, 86), (22, 118), (87, 23), (87, 85), (87, 119), (23, 55), (24, 17), (24, 28), (24, 29), (88, 81), (88, 24), (88, 25), (88, 80), (89, 120), (89, 121), (89, 125), (89, 81), (89, 91), (89, 88), (89, 92), (25, 28), (25, 29), (25, 27), (25, 24), (26, 24), (26, 27), (26, 18), (90, 88), (90, 26), (90, 27), (90, 91), (27, 18), (27, 19), (91, 27), (91, 94), (92, 84), (28, 92), (93, 125), (93, 85), (93, 92), (29, 125), (29, 28), (29, 93), (30, 23), (30, 31), (30, 46), (30, 95), (30, 94), (30, 22), (31, 95), (31, 23), (95, 63), (95, 94), (96, 64), (96, 100), (96, 97), (96, 33), (96, 32), (97, 65), (33, 97), (33, 65), (33, 32), (34, 38), (34, 35), (34, 50), (98, 102), (98, 34), (98, 35), (98, 114), (99, 102), (99, 98), (99, 97), (99, 35), (99, 115), (35, 33), (36, 100), (36, 32), (36, 52), (36, 53), (100, 64), (37, 45), (37, 36), (37, 52), (37, 53), (37, 33), (101, 109), (101, 100), (101, 37), (101, 103), (38, 102), (38, 36), (38, 100), (38, 70), (38, 54), (102, 36), (102, 100), (102, 118), (103, 70), (103, 119), (103, 98), (103, 99), (39, 102), (39, 103), (39, 6), (39, 7), (39, 46), (39, 37), (39, 55), (39, 35), (40, 24), (40, 56), (40, 33), (40, 32), (40, 44), (40, 60), (40, 45), (104, 88), (104, 120), (104, 97), (104, 8), (104, 40), (104, 96), (104, 44), (104, 41), (105, 89), (105, 121), (105, 9), (105, 73), (105, 97), (105, 41), (105, 109), (41, 25), (41, 57), (41, 9), (41, 33), (41, 61), (41, 45), (42, 26), (42, 58), (42, 34), (42, 46), (42, 110), (42, 10), (42, 74), (42, 62), (42, 47), (106, 90), (106, 122), (106, 10), (106, 42), (106, 98), (106, 46), (106, 110), (106, 43), (106, 107), (106, 74), (106, 111), (107, 91), (107, 123), (107, 98), (107, 11), (107, 75), (107, 99), (107, 43), (107, 110), (107, 111), (43, 27), (43, 59), (43, 34), (43, 42), (43, 11), (43, 35), (43, 63), (43, 46), (43, 47), (44, 109), (44, 28), (44, 60), (44, 36), (44, 45), (44, 46), (108, 92), (108, 124), (108, 104), (108, 44), (108, 100), (108, 45), (108, 109), (108, 110), (109, 93), (109, 125), (109, 45), (45, 29), (45, 61), (45, 36), (110, 94), (110, 126), (110, 103), (110, 102), (46, 62), (46, 38), (47, 31), (47, 63), (47, 45), (47, 39), (111, 46), (111, 47), (111, 95), (111, 127), (111, 109), (111, 103), (112, 113), (112, 80), (48, 32), (48, 16), (48, 33), (48, 49), (48, 113), (48, 52), (49, 33), (49, 113), (49, 32), (114, 80), (50, 114), (50, 16), (50, 18), (50, 54), (50, 55), (115, 51), (115, 119), (115, 19), (115, 83), (115, 114), (51, 35), (51, 55), (51, 19), (51, 54), (52, 116), (52, 16), (52, 84), (52, 20), (52, 54), (116, 80), (116, 118), (117, 81), (117, 113), (117, 53), (117, 119), (117, 112), (117, 116), (53, 116), (53, 17), (53, 49), (53, 55), (53, 52), (118, 54), (119, 55), (119, 118), (56, 120), (56, 24), (56, 8), (56, 57), (56, 121), (56, 48), (56, 60), (56, 58), (120, 113), (120, 88), (120, 112), (120, 124), (120, 122), (57, 121), (57, 48), (57, 25), (57, 49), (57, 61), (57, 59), (121, 25), (121, 113), (121, 125), (121, 123), (121, 120), (121, 124), (58, 122), (58, 26), (58, 90), (58, 50), (122, 115), (122, 90), (122, 26), (59, 27), (59, 91), (59, 51), (123, 59), (123, 27), (123, 91), (60, 62), (60, 126), (60, 53), (60, 28), (60, 125), (60, 52), (124, 62), (124, 126), (124, 117), (124, 125), (124, 28), (124, 60), (124, 92), (124, 116), (61, 125), (61, 63), (61, 127), (61, 29), (61, 31), (61, 53), (125, 117), (126, 119), (62, 55), (62, 127), (62, 54), (63, 55)]
----------- STATS -----------
Algorithm used: Algorithm.EDGES
Runtime: 9.623003721237183seconds
Number of Iterations: 1
Number of Rows in Final Cycle Matrix: 888
History of Number of Rows in the Cycle Matrix: [888]
Number of Constraints in Final Iteration: 9767
History of Constraint Nums: [9767]
Number of Prefs Removed (size of minFBPS): 171
Minimum Feedback Pref Set: [0, 2, 4, 5, 6, 7, 8, 9, 11, 12, 14, 15, 16, 17, 18, 19, 20, 21, 22, 23, 24, 26, 27, 28, 29, 30, 31, 37, 38, 41, 45, 49, 63, 64, 65, 66, 67, 68, 69, 70, 71, 72, 73, 74, 75, 77, 78, 80, 81, 83, 84, 87, 88, 89, 90, 91, 92, 93, 94, 95, 96, 97, 98, 99, 100, 101, 102, 103, 104, 105, 106, 107, 108, 109, 110, 111, 112, 113, 114, 115, 116, 117, 118, 119, 120, 121, 122, 123, 124, 125, 126, 130, 131, 132, 133, 135, 136, 137, 138, 139, 140, 141, 142, 144, 146, 148, 151, 160, 161, 162, 164, 171, 172, 177, 181, 184, 189, 192, 194, 195, 196, 197, 198, 199, 200, 201, 202, 204, 205, 206, 208, 209, 210, 211, 213, 217, 220, 221, 223, 224, 225, 226, 227, 228, 229, 231, 232, 233, 235, 236, 240, 241, 242, 245, 247, 249, 250, 251, 254, 255, 256, 258, 260, 265, 268, 270, 271, 272, 276, 277, 278]
Number of Edges Removed: 593
Feedback Edge Set: [(64, 0), (64, 96), (64, 100), (64, 80), (64, 84), (64, 81), (64, 85), (0, 32), (0, 36), (1, 0), (1, 33), (65, 0), (65, 1), (65, 33), (65, 97), (65, 80), (65, 84), (65, 81), (65, 85), (2, 18), (66, 2), (66, 34), (66, 82), (66, 86), (66, 83), (66, 87), (3, 99), (3, 19), (67, 66), (67, 82), (67, 86), (67, 83), (67, 87), (68, 4), (68, 64), (68, 96), (68, 100), (68, 80), (68, 84), (68, 81), (68, 85), (68, 65), (68, 70), (4, 0), (4, 32), (4, 36), (4, 6), (69, 5), (69, 68), (69, 101), (69, 97), (69, 80), (69, 84), (69, 81), (69, 85), (69, 64), (69, 65), (69, 71), (5, 4), (5, 101), (5, 37), (5, 33), (5, 7), (6, 2), (6, 34), (6, 22), (6, 3), (70, 6), (70, 38), (70, 66), (70, 98), (70, 82), (70, 86), (70, 83), (70, 87), (7, 6), (7, 39), (7, 23), (71, 103), (71, 82), (71, 86), (71, 83), (71, 87), (71, 67), (71, 66), (71, 70), (8, 24), (8, 56), (8, 42), (8, 0), (8, 12), (8, 76), (8, 44), (72, 88), (72, 120), (72, 8), (72, 40), (72, 106), (72, 64), (72, 12), (72, 76), (72, 108), (73, 89), (73, 121), (73, 65), (73, 109), (73, 77), (9, 72), (9, 25), (9, 57), (9, 0), (9, 8), (9, 105), (9, 1), (9, 45), (9, 13), (74, 10), (74, 106), (74, 107), (74, 90), (74, 122), (74, 42), (74, 104), (74, 66), (74, 14), (74, 78), (74, 91), (10, 42), (10, 43), (10, 26), (10, 58), (10, 3), (10, 40), (10, 2), (10, 14), (10, 78), (10, 27), (11, 42), (11, 43), (11, 27), (11, 59), (11, 107), (11, 3), (11, 26), (11, 10), (11, 14), (75, 10), (75, 11), (75, 106), (75, 107), (75, 91), (75, 123), (75, 66), (75, 74), (75, 67), (75, 90), (76, 12), (76, 44), (76, 108), (76, 92), (76, 124), (76, 68), (76, 78), (76, 104), (12, 44), (12, 108), (12, 28), (12, 60), (12, 4), (12, 14), (12, 40), (13, 45), (13, 109), (13, 29), (13, 61), (13, 4), (13, 12), (13, 5), (13, 15), (13, 79), (13, 41), (77, 12), (77, 13), (77, 45), (77, 109), (77, 93), (77, 125), (77, 68), (77, 76), (77, 69), (77, 15), (77, 79), (77, 105), (78, 14), (78, 94), (78, 126), (78, 46), (78, 110), (78, 70), (78, 95), (14, 30), (14, 62), (14, 46), (14, 6), (14, 31), (15, 31), (15, 63), (15, 6), (15, 14), (15, 7), (15, 30), (79, 14), (79, 15), (79, 95), (79, 127), (79, 71), (79, 94), (16, 52), (80, 16), (80, 116), (80, 84), (80, 85), (81, 85), (81, 117), (81, 84), (81, 80), (17, 80), (17, 21), (17, 53), (18, 50), (18, 114), (18, 16), (18, 80), (18, 22), (82, 114), (82, 16), (82, 80), (82, 86), (82, 87), (83, 115), (83, 82), (83, 87), (83, 86), (19, 82), (19, 51), (19, 18), (19, 115), (19, 23), (20, 116), (20, 22), (20, 86), (84, 22), (84, 86), (21, 20), (21, 55), (21, 23), (85, 21), (85, 119), (85, 87), (85, 80), (85, 84), (86, 22), (22, 118), (87, 23), (87, 119), (23, 55), (24, 17), (24, 60), (24, 28), (24, 29), (24, 26), (88, 81), (88, 24), (88, 124), (88, 80), (88, 90), (89, 125), (89, 81), (89, 91), (89, 88), (89, 92), (25, 88), (25, 121), (25, 61), (25, 28), (25, 29), (25, 27), (25, 24), (26, 58), (26, 122), (26, 59), (26, 123), (26, 18), (90, 58), (90, 122), (90, 59), (90, 123), (90, 26), (27, 58), (27, 122), (27, 59), (27, 123), (27, 18), (27, 26), (27, 19), (27, 30), (91, 58), (91, 122), (91, 59), (91, 123), (91, 90), (91, 27), (91, 94), (92, 28), (92, 120), (92, 84), (28, 56), (93, 29), (93, 121), (93, 85), (93, 88), (93, 92), (29, 28), (29, 57), (94, 30), (30, 23), (30, 22), (31, 23), (31, 26), (31, 30), (95, 30), (95, 31), (95, 63), (95, 94), (32, 96), (32, 48), (32, 49), (97, 96), (33, 96), (33, 97), (33, 48), (33, 49), (33, 32), (34, 98), (34, 50), (98, 114), (99, 98), (99, 97), (99, 115), (35, 98), (35, 99), (35, 34), (35, 33), (35, 51), (36, 100), (36, 0), (36, 32), (36, 38), (36, 102), (36, 52), (36, 53), (100, 64), (100, 96), (100, 38), (100, 102), (37, 101), (37, 36), (37, 52), (37, 53), (37, 33), (37, 39), (101, 100), (101, 103), (38, 102), (38, 2), (38, 34), (38, 54), (102, 66), (102, 98), (102, 118), (102, 99), (103, 119), (103, 98), (103, 99), (39, 102), (39, 103), (39, 55), (39, 35), (40, 104), (40, 24), (40, 56), (40, 33), (40, 32), (40, 44), (40, 108), (40, 60), (40, 45), (104, 88), (104, 120), (104, 97), (104, 8), (104, 96), (104, 44), (104, 108), (105, 89), (105, 121), (105, 9), (105, 73), (105, 97), (105, 109), (41, 104), (41, 105), (41, 25), (41, 57), (41, 73), (41, 9), (41, 33), (41, 61), (41, 45), (42, 106), (42, 26), (42, 58), (42, 34), (42, 46), (42, 110), (42, 62), (42, 47), (106, 90), (106, 122), (106, 98), (106, 46), (106, 110), (106, 111), (107, 91), (107, 123), (107, 98), (107, 106), (107, 99), (107, 110), (107, 111), (43, 106), (43, 107), (43, 27), (43, 59), (43, 34), (43, 42), (43, 35), (43, 63), (43, 46), (43, 47), (44, 108), (44, 28), (44, 60), (44, 36), (44, 56), (44, 46), (108, 92), (108, 124), (108, 100), (108, 110), (109, 93), (109, 125), (109, 108), (109, 101), (109, 47), (109, 111), (45, 108), (45, 109), (45, 29), (45, 61), (45, 36), (45, 44), (45, 37), (45, 47), (45, 111), (45, 57), (110, 94), (110, 126), (110, 103), (110, 102), (46, 30), (46, 62), (46, 39), (46, 38), (46, 58), (47, 31), (47, 63), (47, 111), (47, 39), (47, 59), (111, 46), (111, 95), (111, 127), (111, 103), (112, 80), (112, 82), (48, 16), (48, 18), (48, 52), (49, 48), (49, 113), (49, 53), (49, 52), (113, 48), (113, 117), (113, 112), (113, 116), (114, 80), (50, 114), (50, 16), (50, 54), (50, 55), (115, 119), (115, 114), (51, 115), (51, 55), (51, 54), (52, 116), (52, 84), (52, 20), (52, 54), (116, 84), (116, 118), (117, 119), (117, 112), (117, 116), (53, 116), (53, 117), (53, 55), (53, 48), (53, 52), (54, 118), (55, 119), (119, 118), (56, 120), (56, 24), (56, 48), (56, 60), (56, 58), (120, 113), (120, 88), (120, 112), (120, 124), (120, 122), (57, 121), (57, 48), (57, 56), (57, 89), (57, 25), (57, 49), (57, 61), (57, 59), (121, 25), (121, 89), (121, 113), (121, 125), (121, 123), (121, 120), (121, 124), (58, 122), (58, 50), (122, 115), (59, 123), (59, 51), (60, 124), (60, 53), (60, 28), (60, 52), (124, 117), (124, 28), (124, 92), (124, 116), (61, 125), (61, 29), (61, 31), (61, 53), (125, 29), (125, 93), (125, 95), (125, 117), (125, 120), (125, 124), (126, 119), (126, 60), (126, 124), (62, 55), (62, 60), (62, 124), (62, 54), (63, 29), (63, 55), (127, 62), (127, 93)]
----------- STATS -----------
Algorithm used: Algorithm.PREFS
Runtime: 17.614498138427734seconds
Number of Iterations: 5
Number of Rows in Final Cycle Matrix: 1438
History of Number of Rows in the Cycle Matrix: [888, 1219, 1317, 1347, 1438]
Number of Constraints in Final Iteration: 3828
History of Constraint Nums: [3278, 3609, 3707, 3737, 3828]
Number of Prefs Removed (size of minFBPS): 100
Minimum Feedback Pref Set: [0, 13, 20, 21, 22, 24, 25, 27, 29, 30, 35, 39, 46, 48, 50, 51, 52, 53, 58, 60, 63, 64, 65, 67, 68, 70, 71, 72, 75, 77, 80, 81, 84, 87, 88, 90, 92, 93, 96, 97, 99, 100, 101, 103, 106, 108, 110, 111, 116, 117, 119, 130, 132, 134, 135, 137, 138, 139, 140, 142, 143, 145, 146, 147, 148, 149, 150, 151, 162, 165, 171, 172, 184, 186, 187, 188, 189, 190, 193, 203, 207, 212, 214, 216, 221, 228, 229, 245, 247, 249, 252, 258, 265, 268, 270, 271, 274, 276, 277, 278]
Number of Edges Removed: 950
Feedback Edge Set: [(64, 0), (64, 1), (64, 72), (64, 73), (64, 68), (64, 69), (64, 96), (64, 100), (0, 8), (0, 9), (0, 5), (0, 65), (0, 32), (0, 36), (0, 12), (1, 8), (1, 9), (1, 4), (1, 0), (1, 37), (1, 7), (1, 39), (1, 65), (1, 33), (1, 13), (65, 0), (65, 1), (65, 72), (65, 73), (65, 68), (65, 69), (65, 33), (65, 101), (65, 71), (65, 103), (65, 97), (2, 10), (2, 11), (2, 6), (2, 7), (2, 3), (2, 67), (66, 74), (66, 75), (66, 70), (66, 71), (66, 2), (66, 34), (66, 3), (66, 67), (3, 10), (3, 11), (3, 6), (3, 7), (3, 5), (3, 37), (3, 39), (67, 74), (67, 75), (67, 70), (67, 71), (67, 66), (67, 69), (67, 101), (67, 103), (68, 76), (68, 77), (68, 96), (68, 5), (68, 100), (68, 70), (4, 12), (4, 13), (4, 0), (4, 32), (4, 69), (4, 68), (4, 36), (4, 8), (4, 6), (69, 76), (69, 77), (69, 68), (69, 101), (69, 97), (69, 71), (5, 12), (5, 13), (5, 4), (5, 69), (5, 101), (5, 37), (5, 33), (5, 9), (5, 7), (6, 14), (6, 15), (6, 2), (6, 34), (6, 7), (6, 71), (6, 3), (70, 78), (70, 79), (70, 6), (70, 38), (70, 98), (70, 7), (7, 15), (7, 39), (71, 78), (71, 79), (71, 103), (71, 66), (71, 70), (8, 76), (8, 9), (8, 44), (72, 8), (72, 40), (72, 12), (72, 9), (72, 108), (73, 109), (9, 0), (9, 45), (74, 14), (74, 78), (10, 3), (10, 11), (10, 14), (10, 78), (10, 75), (10, 74), (11, 75), (11, 107), (75, 66), (75, 74), (76, 72), (76, 73), (76, 104), (12, 8), (12, 9), (12, 13), (12, 77), (12, 76), (12, 40), (13, 8), (13, 9), (13, 4), (13, 77), (13, 41), (77, 72), (77, 73), (77, 68), (77, 76), (77, 105), (78, 76), (78, 77), (14, 11), (14, 12), (14, 13), (14, 15), (14, 79), (14, 78), (15, 12), (15, 13), (15, 79), (79, 76), (79, 77), (16, 24), (16, 25), (16, 17), (16, 32), (16, 1), (16, 33), (16, 52), (16, 28), (16, 21), (80, 64), (80, 88), (80, 16), (80, 96), (80, 65), (80, 97), (80, 17), (80, 116), (81, 65), (81, 88), (81, 89), (81, 64), (81, 96), (81, 97), (81, 117), (81, 80), (17, 24), (17, 25), (17, 0), (17, 32), (17, 33), (17, 21), (17, 53), (17, 29), (18, 2), (18, 26), (18, 27), (18, 34), (18, 3), (18, 35), (18, 16), (18, 80), (82, 66), (82, 90), (82, 91), (82, 98), (82, 67), (82, 99), (82, 16), (82, 80), (82, 19), (83, 67), (83, 90), (83, 91), (83, 82), (83, 66), (83, 98), (83, 99), (19, 3), (19, 26), (19, 27), (19, 18), (19, 2), (19, 34), (19, 35), (20, 28), (20, 29), (20, 48), (20, 36), (20, 5), (20, 37), (20, 21), (20, 85), (20, 24), (20, 17), (84, 68), (84, 92), (84, 93), (84, 80), (84, 112), (84, 100), (84, 69), (84, 101), (84, 21), (21, 28), (21, 29), (21, 49), (21, 55), (21, 4), (21, 36), (21, 37), (21, 25), (21, 23), (85, 69), (85, 92), (85, 93), (85, 81), (85, 113), (85, 21), (85, 119), (85, 68), (85, 100), (85, 101), (85, 87), (85, 80), (85, 84), (86, 70), (86, 94), (86, 95), (86, 82), (86, 114), (86, 84), (86, 116), (86, 102), (86, 71), (86, 103), (86, 23), (22, 6), (22, 30), (22, 31), (22, 18), (22, 50), (22, 20), (22, 52), (22, 86), (22, 118), (22, 38), (22, 7), (22, 39), (22, 87), (87, 71), (87, 94), (87, 95), (87, 83), (87, 115), (87, 85), (87, 117), (87, 119), (87, 70), (87, 102), (87, 103), (87, 21), (23, 7), (23, 30), (23, 31), (23, 19), (23, 51), (23, 21), (23, 53), (23, 55), (23, 6), (23, 38), (23, 39), (23, 85), (23, 87), (24, 17), (24, 25), (24, 8), (24, 40), (24, 9), (24, 41), (24, 60), (24, 28), (24, 29), (24, 26), (88, 24), (88, 72), (88, 104), (88, 73), (88, 105), (88, 25), (88, 124), (88, 90), (89, 72), (89, 104), (89, 73), (89, 105), (89, 125), (89, 91), (89, 88), (89, 92), (25, 8), (25, 40), (25, 9), (25, 41), (25, 61), (25, 28), (25, 29), (25, 27), (26, 90), (26, 10), (26, 42), (26, 11), (26, 43), (26, 27), (26, 91), (90, 74), (90, 106), (90, 75), (90, 107), (90, 27), (90, 91), (27, 91), (27, 18), (27, 10), (27, 42), (27, 11), (27, 43), (91, 90), (91, 74), (91, 106), (91, 75), (91, 107), (91, 94), (92, 124), (92, 61), (92, 125), (92, 76), (92, 108), (92, 77), (92, 109), (92, 29), (92, 120), (28, 60), (28, 124), (28, 61), (28, 125), (28, 12), (28, 44), (28, 13), (28, 45), (28, 29), (28, 93), (28, 92), (28, 56), (93, 60), (93, 124), (93, 125), (93, 76), (93, 108), (93, 77), (93, 109), (93, 121), (93, 88), (93, 92), (29, 60), (29, 124), (29, 61), (29, 125), (29, 12), (29, 44), (29, 13), (29, 45), (29, 93), (29, 57), (94, 78), (94, 110), (94, 79), (94, 111), (30, 23), (30, 31), (30, 14), (30, 46), (30, 15), (30, 47), (30, 95), (30, 94), (31, 14), (31, 46), (31, 15), (31, 47), (31, 95), (95, 78), (95, 110), (95, 79), (95, 111), (95, 94), (32, 40), (32, 41), (32, 36), (32, 37), (32, 33), (96, 104), (96, 105), (96, 101), (96, 97), (96, 33), (96, 32), (97, 104), (97, 105), (97, 100), (97, 33), (97, 69), (97, 71), (97, 103), (33, 40), (33, 41), (33, 36), (33, 37), (33, 5), (33, 7), (33, 39), (34, 42), (34, 43), (34, 38), (34, 39), (98, 106), (98, 107), (98, 102), (98, 103), (98, 34), (98, 35), (98, 122), (98, 110), (98, 126), (99, 106), (99, 107), (99, 102), (99, 103), (99, 98), (99, 69), (99, 101), (99, 71), (99, 97), (99, 35), (99, 3), (99, 123), (99, 111), (99, 127), (35, 42), (35, 43), (35, 38), (35, 39), (35, 34), (35, 5), (35, 37), (35, 7), (35, 33), (36, 44), (36, 45), (36, 0), (36, 38), (36, 102), (36, 37), (36, 101), (100, 108), (100, 109), (100, 36), (100, 64), (100, 96), (100, 38), (100, 102), (100, 37), (100, 101), (37, 45), (37, 39), (101, 108), (101, 109), (101, 37), (101, 103), (38, 7), (38, 46), (38, 2), (102, 71), (102, 110), (102, 111), (102, 38), (102, 66), (102, 39), (102, 106), (102, 122), (102, 126), (103, 70), (103, 71), (103, 110), (103, 111), (103, 39), (103, 7), (103, 107), (103, 123), (103, 127), (39, 6), (39, 7), (39, 46), (39, 47), (39, 71), (40, 104), (40, 105), (40, 33), (40, 41), (40, 108), (40, 45), (104, 97), (104, 105), (104, 8), (104, 40), (104, 44), (104, 41), (105, 9), (105, 73), (105, 41), (41, 104), (41, 9), (42, 106), (42, 107), (42, 110), (42, 10), (42, 74), (106, 46), (106, 43), (106, 74), (107, 98), (107, 106), (107, 11), (107, 75), (107, 43), (43, 106), (43, 107), (43, 34), (43, 42), (43, 75), (43, 11), (44, 108), (44, 109), (44, 40), (44, 41), (44, 45), (44, 46), (108, 104), (108, 105), (108, 45), (108, 109), (108, 110), (109, 104), (109, 105), (109, 13), (109, 45), (109, 77), (109, 15), (109, 79), (45, 108), (45, 109), (45, 40), (45, 41), (45, 13), (45, 77), (45, 15), (45, 79), (110, 78), (110, 15), (110, 79), (110, 106), (110, 107), (110, 109), (110, 103), (46, 14), (46, 78), (46, 15), (46, 79), (46, 42), (46, 43), (46, 45), (46, 111), (47, 14), (47, 78), (47, 15), (47, 79), (47, 42), (47, 43), (47, 44), (47, 45), (47, 111), (47, 13), (47, 77), (111, 14), (111, 78), (111, 15), (111, 79), (111, 106), (111, 107), (111, 108), (111, 109), (111, 13), (111, 77), (112, 48), (112, 49), (112, 96), (112, 120), (112, 80), (112, 82), (112, 64), (112, 65), (112, 97), (48, 32), (48, 56), (48, 57), (48, 16), (48, 18), (48, 0), (48, 1), (48, 33), (48, 49), (48, 113), (49, 33), (49, 56), (49, 57), (49, 0), (49, 32), (49, 1), (113, 48), (113, 49), (113, 97), (113, 120), (113, 121), (113, 64), (113, 96), (113, 65), (113, 117), (113, 112), (113, 116), (114, 50), (114, 98), (114, 122), (114, 123), (114, 115), (114, 80), (114, 82), (114, 66), (114, 67), (114, 99), (114, 51), (114, 18), (114, 106), (114, 110), (114, 126), (50, 34), (50, 58), (50, 59), (50, 16), (50, 18), (50, 2), (50, 3), (50, 35), (50, 115), (50, 54), (50, 55), (115, 51), (115, 99), (115, 122), (115, 123), (115, 66), (115, 98), (115, 67), (115, 119), (115, 19), (115, 83), (115, 107), (115, 111), (115, 127), (115, 114), (51, 35), (51, 58), (51, 59), (51, 2), (51, 34), (51, 3), (51, 55), (51, 19), (51, 54), (52, 36), (52, 60), (52, 61), (52, 16), (52, 48), (52, 53), (52, 20), (52, 4), (52, 5), (52, 37), (52, 54), (116, 100), (116, 124), (116, 125), (116, 80), (116, 117), (116, 84), (116, 68), (116, 69), (116, 101), (116, 53), (116, 52), (116, 118), (117, 101), (117, 124), (117, 125), (117, 81), (117, 53), (117, 68), (117, 100), (117, 69), (117, 112), (117, 116), (53, 37), (53, 60), (53, 61), (53, 17), (53, 49), (53, 4), (53, 36), (53, 5), (54, 118), (54, 38), (54, 62), (54, 18), (54, 50), (54, 20), (54, 86), (54, 6), (54, 7), (54, 39), (54, 119), (118, 102), (118, 126), (118, 82), (118, 84), (118, 70), (118, 71), (118, 103), (118, 55), (118, 54), (118, 22), (118, 106), (118, 122), (118, 110), (55, 119), (55, 39), (55, 62), (55, 63), (55, 19), (55, 51), (55, 21), (55, 53), (55, 6), (55, 38), (55, 7), (55, 87), (119, 103), (119, 126), (119, 127), (119, 83), (119, 85), (119, 117), (119, 70), (119, 102), (119, 71), (119, 23), (119, 107), (119, 123), (119, 111), (119, 118), (56, 24), (56, 8), (56, 40), (56, 9), (56, 41), (56, 121), (56, 60), (56, 58), (120, 56), (120, 88), (120, 72), (120, 104), (120, 73), (120, 105), (120, 57), (120, 124), (120, 122), (57, 48), (57, 56), (57, 25), (57, 8), (57, 40), (57, 9), (57, 41), (57, 61), (57, 59), (121, 25), (121, 89), (121, 72), (121, 104), (121, 73), (121, 105), (121, 57), (121, 125), (121, 123), (121, 120), (121, 124), (58, 122), (58, 26), (58, 10), (58, 42), (58, 11), (58, 43), (58, 123), (58, 90), (122, 115), (122, 90), (122, 74), (122, 106), (122, 75), (122, 107), (122, 59), (122, 26), (59, 123), (59, 27), (59, 91), (59, 10), (59, 42), (59, 11), (59, 43), (123, 27), (123, 91), (123, 74), (123, 106), (123, 75), (123, 107), (60, 124), (60, 53), (60, 12), (60, 44), (60, 13), (60, 45), (60, 125), (124, 117), (124, 125), (124, 76), (124, 108), (124, 77), (124, 109), (124, 61), (61, 125), (61, 29), (61, 31), (61, 12), (61, 44), (61, 13), (61, 45), (125, 93), (125, 95), (125, 76), (125, 108), (125, 77), (125, 109), (125, 120), (125, 124), (126, 78), (126, 110), (126, 79), (126, 111), (126, 60), (126, 124), (126, 30), (62, 14), (62, 46), (62, 15), (62, 47), (62, 60), (62, 124), (62, 127), (62, 94), (63, 29), (63, 14), (63, 46), (63, 15), (63, 47), (63, 95), (127, 93), (127, 78), (127, 110), (127, 79), (127, 111)]
