0 8 1000000000000000000000000000000000000000000
0 12 1000000000000000000000000000000000000000000
1 9 1000000000000000000000000000000000000000000
1 13 1000000000000000000000000000000000000000000
4 8 1000000000000000000000000000000000000000000
4 12 1000000000000000000000000000000000100000000
5 9 1000000000000000000000000000000000000000000
5 13 1000000000000000000010000000000000000000000
10 2 0100000000000000000000000000000000000000000
10 3 0100000000000000000000000000000000000000000
11 2 0100000000000000000000000000000000000000000
11 3 0100000000000000000000000000000000000000000
14 6 0100000000000000000000000000000000000000000
14 7 0100000000000000000000000000000000000000000
15 6 0100000000000000000000000000000000000000000
15 7 0100000000000000000000000000000000000100000
0 4 0010000000000000000000010000000000000010000
0 5 0010000000000000000000000000000000000000000
1 4 0010000000000000000000000000000000000000010
1 5 0010000000000000000000000000000000000000000
6 2 0001000000000000000000000100000000000000000
6 3 0001000000000000000000000000000000000000001
7 2 0001000000000000000000000000000000000000000
7 3 0001000000000000000000000010000000000001000
12 8 0000100000000000000000000000000000000000000
12 9 0000100000000000000000000000000000000000000
13 8 0000100000000000000000000000000000000000010
13 9 0000100000000000000000001000000000000001000
14 10 0000010000000000000000000100000000000000000
15 11 0000010000000000000000000010000000000001000
2 0 0000001000000000000000000001000000000000000
3 1 0000001000000000000000000000000000000000000
6 4 0000001000000000000000000001000000000000000
7 5 0000001000000000000000000000000000000000000
10 8 0000001000000000000000000001000000000000000
11 9 0000001000000000000000000000000000000000000
14 12 0000001000000000000000000001000000000000000
15 13 0000001000000000000000000000000000000000000
0 1 0000000100000000000000000000010000000000000
2 3 0000000010000000000000000000010000000000001
4 5 0000000001000000000000000000010000000000000
6 7 0000000000100000000000000000010000000000001
9 8 0000000000010000000000000000000000000000010
10 11 0000000000001000000000000000010000000000001
13 12 0000000000000100000000000000000000000000010
15 14 0000000000000010000000000000000000000000000
8 0 0000000000000001000000000000001000000000000
9 1 0000000000000000100000000000000100000000000
2 10 0000000000000000010000000000000010000000000
3 11 0000000000000000001000000000000001000000000
12 4 0000000000000000000100000000000000000000000
6 14 0000000000000000000001000000000000001000000
7 15 0000000000000000000000100000000000000000000
8 12 0000000000000000000000010000000000000010000
5 1 0000000000000000000000001000000000000001000
6 10 0000000000000000000000000100000000000000000
14 2 0000000000000000000000000100000000000000000
2 8 0000000000000000000000000001000000000000000
6 12 0000000000000000000000000001000000000000000
10 0 0000000000000000000000000001000000000000000
14 4 0000000000000000000000000001000000000000000
1 3 0000000000000000000000000000100000000000100
5 7 0000000000000000000000000000100000000000100
9 11 0000000000000000000000000000100000000000100
13 15 0000000000000000000000000000100000000000100
8 9 0000000000000000000000000000010000000000000
12 13 0000000000000000000000000000010000000000000
14 15 0000000000000000000000000000010000000000001
13 5 0000000000000000000000000000000000010000000
0 6 0000000000000000000000000000000000000010000
2 4 0000000000000000000000000000000000000010000
2 6 0000000000000000000000000000000000000010000
8 14 0000000000000000000000000000000000000010000
10 12 0000000000000000000000000000000000000010000
10 14 0000000000000000000000000000000000000010000
5 3 0000000000000000000000000000000000000001000
7 1 0000000000000000000000000000000000000001000
13 11 0000000000000000000000000000000000000001000
15 9 0000000000000000000000000000000000000001000
0 2 0000000000000000000000000000000000000000100
4 6 0000000000000000000000000000000000000000100
8 10 0000000000000000000000000000000000000000100
12 14 0000000000000000000000000000000000000000100
1 0 0000000000000000000000000000000000000000010
5 0 0000000000000000000000000000000000000000010
5 4 0000000000000000000000000000000000000000010
9 12 0000000000000000000000000000000000000000010
2 7 0000000000000000000000000000000000000000001
10 15 0000000000000000000000000000000000000000001
14 11 0000000000000000000000000000000000000000001
