0 8 100000000000000000000000000010000000000000
9 1 010000000000000100000000000001000000000000
10 2 001000000000000100000000000000000000000000
3 11 000100000000000000000000000000010000000000
4 12 000010000000000010000000000010000000000000
13 5 000001000000000000000000000001000000000000
6 14 000000100000000010000000000000100000000000
7 15 000000010000000010000000000000010000000000
0 4 000000001000000001000000000000000000000000
1 5 000000001000000001000000000000000000000000
2 6 000000001000000001000000000000000010000000
3 7 000000001000000001000000000000000001000000
8 12 000000001000000001000000000000000000100000
9 13 000000001000000001000000000000000000000000
10 14 000000001000000001000000000000000000001000
11 15 000000001000000001000000000000000000000100
0 2 000000000100000000000000000000000000000010
1 3 000000000100000000000000000000000000000010
8 10 000000000100000000010000000000000000000010
9 11 000000000100000000010000000000000000000010
6 4 000000000010000000100000000000000000000000
7 5 000000000010000000100000000000000000000000
14 12 000000000010000000000000000000000000000000
15 13 000000000010000000000000000000000000000000
1 0 000000000001000000000000000000000000000000
9 8 000000000001000000000000100000000000000000
2 3 000000000000100000000000000000000000000001
10 11 000000000000100000000000000000000000000001
4 5 000000000000010000000000000000000000000001
12 13 000000000000010000000000001000000000000001
6 7 000000000000001000000000000000000000000001
14 15 000000000000001000000000000100000000000001
8 0 000000000000000100000000000000000000000000
11 3 000000000000000100000000000000000000000000
5 13 000000000000000010000000000000000000000000
2 0 000000000000000000100000000000000000000000
3 1 000000000000000000100000000000000000000000
12 14 000000000000000000010000000000000000000010
13 15 000000000000000000010000000000000000000010
0 1 000000000000000000001000000000000000000001
3 2 000000000000000000000100000000000000000000
5 4 000000000000000000000010000000000000000000
7 6 000000000000000000000001000000000000000000
11 10 000000000000000000000000010000000000000000
2 10 000000000000000000000000000000100000000000
4 0 000000000000000000000000000000001000000000
5 1 000000000000000000000000000000000100000000
13 9 000000000000000000000000000000000000010000
4 6 000000000000000000000000000000000000000010
5 7 000000000000000000000000000000000000000010
8 9 000000000000000000000000000000000000000001
