0 8 1000000000000000000000000000000000000000000
1 9 1000000000000000000000000000000000000000000
4 12 1000000000000000000000000000000000100000000
5 13 1000000000000000000010000000000000000000000
10 2 0100000000000000000000000000000000000000000
11 3 0100000000000000000000000000000000000000000
14 6 0100000000000000000000000000000000000000000
15 7 0100000000000000000000000000000000000100000
0 4 0010000000000000000000010000000000000010000
1 5 0010000000000000000000000000000000000000000
6 2 0001000000000000000000000100000000000000000
7 3 0001000000000000000000000010000000000001000
12 8 0000100000000000000000000000000000000000000
13 9 0000100000000000000000001000000000000001000
14 10 0000010000000000000000000100000000000000000
15 11 0000010000000000000000000010000000000001000
2 0 0000001000000000000000000001000000000000000
3 1 0000001000000000000000000000000000000000000
6 4 0000001000000000000000000001000000000000000
7 5 0000001000000000000000000000000000000000000
10 8 0000001000000000000000000001000000000000000
11 9 0000001000000000000000000000000000000000000
14 12 0000001000000000000000000001000000000000000
15 13 0000001000000000000000000000000000000000000
0 1 0000000100000000000000000000010000000000000
2 3 0000000010000000000000000000010000000000001
4 5 0000000001000000000000000000010000000000000
6 7 0000000000100000000000000000010000000000001
9 8 0000000000010000000000000000000000000000010
10 11 0000000000001000000000000000010000000000001
13 12 0000000000000100000000000000000000000000010
15 14 0000000000000010000000000000000000000000000
8 0 0000000000000001000000000000001000000000000
9 1 0000000000000000100000000000000100000000000
2 10 0000000000000000010000000000000010000000000
3 11 0000000000000000001000000000000001000000000
12 4 0000000000000000000100000000000000000000000
6 14 0000000000000000000001000000000000001000000
7 15 0000000000000000000000100000000000000000000
8 12 0000000000000000000000010000000000000010000
5 1 0000000000000000000000001000000000000001000
1 3 0000000000000000000000000000100000000000100
5 7 0000000000000000000000000000100000000000100
9 11 0000000000000000000000000000100000000000100
13 15 0000000000000000000000000000100000000000100
8 9 0000000000000000000000000000010000000000000
12 13 0000000000000000000000000000010000000000000
14 15 0000000000000000000000000000010000000000001
13 5 0000000000000000000000000000000000010000000
2 6 0000000000000000000000000000000000000010000
10 14 0000000000000000000000000000000000000010000
0 2 0000000000000000000000000000000000000000100
4 6 0000000000000000000000000000000000000000100
8 10 0000000000000000000000000000000000000000100
12 14 0000000000000000000000000000000000000000100
1 0 0000000000000000000000000000000000000000010
5 4 0000000000000000000000000000000000000000010
