8 0 100000000000001000000000000000000000000000
9 1 100000000000001000000000000000000000000000
10 2 100000000000000100000000000000000000000000
11 3 100000000000000100000000000000000000000000
12 4 100000000000000000000000000000000000000000
13 5 100000000000000000000000000000000000000000
14 6 100000000000000001000000000000000000000000
15 7 100000000000000001000000000000000000000000
0 4 010000000000000000100000000000000000000000
5 1 001000000000000000000000000000000000000000
6 2 000100000000000000000000000001000000000000
3 7 000010000000000000100000000000100000000000
8 12 000001000000000000100000000000010000000000
9 13 000000100000000000100000000000000000000000
10 14 000000010000000000100000000000010000000000
11 15 000000001000000000100000000000000000000000
0 2 000000000100000000000000000000000000000000
4 6 000000000100000000000000000000000001000000
3 1 000000000010000000010000000000000000000000
7 5 000000000010000000010000000000000000100000
10 8 000000000001000000010000000000000000010000
14 12 000000000001000000010000000000000000000100
11 9 000000000000100000010000000000000000001000
15 13 000000000000100000010000000000000000000000
1 0 000000000000010000000000000000000000000000
3 2 000000000000010000000100000000000000000000
5 4 000000000000010000000000000000000000000000
7 6 000000000000010000000000000000000000000000
9 8 000000000000010000000000100000000000000000
11 10 000000000000010000000000010000000000000000
13 12 000000000000010000000000001000000000000000
15 14 000000000000010000000000000000000000000000
4 12 000000000000000010000000000010000000000000
5 13 000000000000000010000000000010000000000000
1 5 000000000000000000100000000000100000000000
2 6 000000000000000000100000000000000000000000
2 0 000000000000000000010000000000000100000000
6 4 000000000000000000010000000000000000000000
0 1 000000000000000000001000000000000000000001
4 5 000000000000000000000010000000000000000001
6 7 000000000000000000000001000000000000000001
14 15 000000000000000000000000000100000000000001
0 8 000000000000000000000000000010000000000000
1 9 000000000000000000000000000010000000000000
2 10 000000000000000000000000000010000000000000
3 11 000000000000000000000000000010000000000000
6 14 000000000000000000000000000010000000000000
7 15 000000000000000000000000000010000000000000
4 0 000000000000000000000000000001000000000000
13 9 000000000000000000000000000000001000000000
15 11 000000000000000000000000000000001000000000
1 3 000000000000000000000000000000000010000000
13 15 000000000000000000000000000000000000000010
2 3 000000000000000000000000000000000000000001
8 9 000000000000000000000000000000000000000001
10 11 000000000000000000000000000000000000000001
12 13 000000000000000000000000000000000000000001
