----------- GRAPH -----------
Number of Preferences: 373
Number of Outcomes: 256
Number of Edges: 1841
----------- STATS -----------
Algorithm used: Algorithm.MFAS
Runtime: 43.38150882720947seconds
Number of Iterations: 14
Number of Rows in Final Cycle Matrix: 3890
History of Number of Rows in the Cycle Matrix: [939, 1331, 1724, 2154, 2452, 2774, 3085, 3391, 3537, 3740, 3797, 3865, 3875, 3890]
Number of Constraints in Final Iteration: 3890
History of Constraint Nums: [939, 1331, 1724, 2154, 2452, 2774, 3085, 3391, 3537, 3740, 3797, 3865, 3875, 3890]
Number of Edges Removed: 817
Feedback Edge Set: [(128, 129), (0, 128), (0, 4), (0, 1), (129, 193), (1, 33), (1, 129), (1, 5), (130, 2), (130, 162), (130, 131), (130, 128), (2, 18), (2, 34), (2, 0), (131, 3), (131, 195), (131, 163), (131, 139), (131, 129), (3, 19), (3, 11), (3, 7), (3, 35), (3, 2), (3, 67), (3, 1), (136, 152), (8, 40), (8, 12), (8, 9), (8, 136), (137, 201), (137, 153), (9, 1), (9, 11), (9, 41), (9, 13), (9, 137), (138, 10), (138, 202), (138, 170), (138, 154), (138, 142), (138, 130), (138, 139), (138, 136), (10, 11), (10, 74), (10, 42), (10, 2), (10, 8), (139, 171), (139, 137), (11, 139), (11, 27), (144, 208), (144, 176), (144, 128), (144, 146), (144, 152), (144, 145), (16, 0), (16, 18), (16, 17), (16, 144), (16, 48), (16, 80), (16, 24), (16, 20), (145, 17), (145, 177), (145, 129), (145, 147), (145, 209), (17, 49), (17, 21), (146, 18), (146, 210), (146, 130), (146, 154), (146, 178), (18, 26), (147, 19), (147, 131), (147, 155), (147, 179), (147, 211), (19, 27), (19, 23), (19, 18), (19, 17), (152, 156), (24, 26), (24, 152), (24, 8), (24, 28), (153, 152), (25, 17), (25, 27), (25, 153), (25, 57), (25, 29), (25, 9), (154, 152), (26, 154), (26, 90), (155, 154), (155, 187), (155, 153), (27, 26), (27, 155), (160, 168), (160, 164), (32, 34), (32, 40), (32, 36), (32, 160), (32, 0), (32, 33), (161, 225), (161, 165), (161, 160), (161, 177), (33, 41), (33, 161), (162, 34), (162, 163), (162, 178), (162, 160), (34, 35), (163, 227), (163, 161), (163, 179), (35, 163), (35, 33), (168, 40), (169, 161), (169, 171), (169, 233), (169, 168), (41, 40), (41, 169), (170, 186), (170, 174), (170, 168), (170, 162), (42, 43), (42, 170), (42, 106), (42, 40), (43, 107), (43, 11), (43, 171), (43, 59), (43, 41), (43, 35), (176, 240), (176, 160), (48, 32), (48, 50), (48, 49), (48, 56), (48, 176), (177, 176), (49, 57), (49, 177), (178, 176), (178, 179), (50, 51), (50, 178), (50, 34), (179, 177), (51, 115), (51, 179), (51, 35), (51, 49), (184, 56), (184, 152), (184, 168), (184, 176), (184, 186), (184, 248), (184, 188), (184, 185), (56, 24), (56, 57), (56, 40), (185, 153), (185, 169), (185, 177), (57, 121), (57, 185), (57, 41), (186, 58), (186, 154), (186, 178), (186, 187), (58, 26), (58, 56), (58, 50), (187, 185), (187, 179), (59, 123), (59, 27), (59, 58), (59, 187), (59, 57), (64, 0), (64, 65), (64, 192), (64, 68), (65, 1), (65, 97), (65, 67), (65, 193), (65, 69), (194, 192), (66, 2), (66, 82), (66, 74), (66, 70), (66, 67), (66, 98), (66, 64), (195, 227), (195, 203), (195, 193), (200, 204), (200, 136), (72, 8), (72, 88), (72, 104), (72, 76), (72, 73), (72, 200), (73, 89), (73, 65), (73, 105), (73, 201), (73, 9), (202, 234), (202, 194), (202, 203), (202, 200), (74, 106), (74, 90), (74, 72), (203, 139), (203, 201), (75, 107), (75, 91), (75, 67), (75, 11), (75, 73), (75, 74), (208, 192), (80, 82), (80, 208), (80, 112), (80, 88), (80, 84), (209, 241), (209, 193), (209, 211), (209, 208), (81, 83), (81, 209), (81, 17), (81, 113), (81, 89), (81, 85), (210, 82), (210, 194), (210, 218), (210, 242), (210, 211), (210, 208), (82, 18), (82, 90), (82, 86), (211, 83), (211, 195), (83, 19), (83, 67), (83, 82), (216, 152), (216, 200), (216, 208), (216, 248), (216, 220), (88, 24), (88, 90), (88, 216), (88, 120), (88, 92), (217, 201), (217, 216), (89, 217), (89, 121), (89, 25), (218, 90), (218, 154), (218, 219), (218, 216), (219, 211), (219, 217), (91, 90), (91, 219), (91, 123), (91, 83), (91, 27), (91, 89), (224, 225), (224, 232), (224, 228), (96, 98), (96, 224), (96, 104), (96, 64), (96, 97), (225, 233), (225, 229), (97, 99), (97, 225), (97, 105), (226, 194), (226, 242), (226, 224), (98, 114), (98, 99), (227, 225), (227, 226), (99, 67), (99, 115), (99, 107), (232, 233), (232, 248), (232, 236), (104, 40), (104, 106), (104, 232), (104, 105), (105, 233), (105, 41), (234, 226), (234, 232), (106, 107), (106, 122), (235, 171), (235, 233), (235, 203), (107, 105), (240, 224), (240, 248), (240, 244), (240, 208), (112, 114), (112, 113), (112, 240), (112, 120), (112, 116), (241, 177), (241, 225), (241, 243), (241, 240), (241, 249), (241, 245), (113, 97), (113, 115), (113, 241), (113, 49), (113, 121), (113, 117), (242, 178), (242, 240), (243, 179), (243, 211), (243, 227), (243, 251), (243, 242), (115, 114), (120, 56), (120, 122), (120, 121), (120, 248), (120, 104), (249, 121), (249, 217), (249, 233), (249, 248), (249, 253), (121, 105), (250, 186), (250, 218), (250, 242), (250, 248), (250, 251), (122, 58), (122, 90), (122, 114), (251, 219), (251, 249), (123, 107), (123, 122), (123, 121), (4, 68), (132, 140), (132, 196), (132, 164), (132, 133), (5, 13), (5, 4), (133, 197), (133, 165), (6, 38), (6, 2), (6, 7), (6, 4), (134, 6), (134, 198), (134, 130), (134, 132), (7, 39), (7, 23), (7, 5), (135, 7), (135, 131), (135, 133), (135, 134), (12, 28), (12, 4), (140, 172), (140, 136), (140, 156), (13, 12), (141, 173), (141, 137), (141, 205), (141, 133), (141, 140), (14, 30), (14, 46), (14, 12), (142, 206), (142, 143), (142, 14), (142, 174), (142, 158), (142, 140), (15, 31), (15, 47), (15, 13), (143, 15), (143, 207), (143, 175), (143, 141), (143, 139), (20, 21), (148, 156), (148, 150), (148, 20), (148, 212), (148, 180), (148, 132), (21, 29), (149, 157), (149, 151), (149, 148), (149, 21), (149, 213), (149, 181), (149, 133), (22, 150), (22, 23), (22, 86), (22, 6), (22, 18), (22, 20), (150, 214), (150, 134), (150, 146), (23, 21), (151, 23), (151, 215), (151, 135), (151, 147), (28, 29), (28, 20), (156, 28), (157, 141), (157, 153), (157, 159), (157, 156), (157, 29), (157, 189), (30, 158), (30, 31), (30, 94), (30, 62), (30, 28), (158, 222), (158, 190), (158, 156), (31, 29), (159, 223), (159, 143), (159, 151), (159, 31), (159, 191), (159, 158), (36, 164), (36, 4), (36, 100), (164, 165), (37, 165), (37, 101), (37, 5), (37, 33), (37, 53), (37, 36), (38, 102), (38, 46), (38, 36), (38, 39), (166, 167), (166, 230), (166, 174), (166, 164), (166, 38), (166, 162), (39, 37), (167, 231), (167, 175), (167, 165), (167, 39), (167, 163), (44, 172), (44, 108), (44, 40), (44, 46), (44, 45), (172, 168), (45, 41), (45, 37), (173, 169), (173, 175), (173, 45), (173, 172), (173, 237), (46, 174), (174, 172), (174, 190), (47, 111), (47, 63), (47, 39), (47, 46), (47, 45), (175, 174), (175, 47), (175, 239), (175, 191), (175, 171), (52, 36), (52, 48), (52, 54), (52, 53), (52, 116), (180, 176), (180, 182), (180, 52), (180, 244), (53, 49), (181, 177), (181, 183), (181, 53), (181, 245), (54, 118), (54, 62), (54, 38), (182, 246), (182, 190), (182, 54), (55, 119), (55, 63), (55, 53), (55, 54), (55, 39), (183, 247), (183, 191), (183, 182), (183, 55), (60, 188), (60, 28), (60, 56), (60, 62), (60, 61), (60, 52), (188, 156), (188, 172), (188, 190), (188, 252), (61, 29), (61, 57), (61, 63), (61, 53), (189, 253), (189, 173), (189, 185), (189, 191), (189, 61), (189, 181), (62, 190), (62, 46), (190, 191), (63, 191), (63, 31), (63, 62), (191, 255), (68, 196), (196, 212), (196, 228), (196, 197), (69, 197), (69, 68), (197, 229), (70, 198), (70, 6), (70, 102), (70, 86), (70, 68), (70, 71), (198, 214), (198, 194), (198, 196), (71, 199), (71, 87), (71, 67), (71, 69), (199, 135), (199, 215), (199, 195), (199, 197), (199, 198), (76, 204), (76, 68), (204, 236), (204, 196), (204, 140), (77, 205), (77, 73), (77, 79), (77, 69), (77, 76), (205, 237), (205, 201), (205, 207), (205, 197), (78, 94), (78, 110), (78, 76), (206, 207), (206, 238), (206, 222), (206, 204), (206, 78), (206, 202), (79, 95), (79, 78), (79, 111), (207, 239), (207, 79), (207, 223), (207, 203), (84, 20), (84, 86), (212, 84), (85, 87), (85, 84), (213, 215), (213, 212), (213, 85), (213, 197), (214, 210), (214, 86), (214, 212), (87, 83), (87, 86), (215, 211), (215, 87), (92, 220), (92, 28), (92, 76), (92, 94), (92, 124), (92, 84), (220, 156), (220, 204), (220, 252), (220, 212), (93, 221), (93, 89), (93, 95), (93, 85), (93, 92), (221, 205), (221, 217), (221, 223), (221, 220), (221, 253), (221, 213), (221, 157), (222, 94), (222, 220), (95, 94), (223, 215), (223, 255), (223, 95), (100, 228), (100, 68), (100, 96), (100, 101), (228, 164), (228, 244), (101, 229), (101, 69), (101, 97), (229, 165), (229, 228), (102, 230), (102, 110), (102, 100), (230, 246), (230, 238), (230, 226), (230, 228), (103, 119), (103, 102), (103, 111), (103, 101), (103, 39), (103, 71), (231, 247), (231, 239), (231, 229), (231, 103), (231, 227), (108, 236), (108, 104), (108, 110), (108, 109), (108, 124), (236, 172), (236, 252), (109, 237), (109, 105), (109, 111), (109, 45), (109, 101), (237, 233), (237, 253), (110, 238), (110, 126), (110, 46), (110, 111), (238, 174), (238, 254), (238, 234), (238, 236), (111, 239), (111, 127), (239, 255), (239, 237), (239, 235), (116, 244), (244, 212), (117, 53), (245, 213), (245, 253), (245, 244), (245, 117), (245, 229), (118, 246), (118, 102), (118, 126), (118, 116), (246, 244), (119, 127), (119, 117), (247, 255), (247, 245), (247, 119), (247, 246), (124, 252), (124, 120), (124, 126), (124, 116), (252, 248), (252, 253), (125, 253), (125, 93), (125, 109), (125, 121), (125, 127), (125, 61), (125, 117), (126, 254), (126, 94), (254, 190), (254, 222), (254, 246), (254, 255), (254, 252), (127, 255), (127, 95), (127, 63), (255, 253)]
----------- STATS -----------
Algorithm used: Algorithm.EDGES
Runtime: 10.391895532608032seconds
Number of Iterations: 1
Number of Rows in Final Cycle Matrix: 939
History of Number of Rows in the Cycle Matrix: [939]
Number of Constraints in Final Iteration: 11996
History of Constraint Nums: [11996]
Number of Prefs Removed (size of minFBPS): 201
Minimum Feedback Pref Set: [0, 4, 6, 8, 11, 12, 14, 16, 19, 20, 21, 23, 26, 28, 29, 30, 35, 36, 38, 39, 41, 42, 46, 47, 48, 49, 52, 57, 59, 60, 62, 63, 64, 65, 67, 69, 70, 73, 88, 93, 94, 101, 102, 106, 109, 110, 117, 118, 121, 124, 127, 128, 129, 131, 132, 133, 135, 136, 137, 139, 140, 143, 144, 147, 148, 151, 152, 156, 160, 162, 164, 165, 166, 167, 168, 170, 172, 173, 174, 175, 180, 181, 182, 183, 184, 187, 188, 189, 190, 191, 192, 193, 194, 195, 196, 197, 198, 199, 200, 201, 202, 205, 206, 207, 216, 217, 220, 221, 222, 223, 224, 226, 228, 230, 232, 233, 235, 236, 237, 239, 240, 241, 243, 244, 245, 247, 249, 250, 251, 254, 255, 261, 263, 267, 268, 270, 272, 273, 275, 277, 278, 280, 281, 282, 285, 286, 291, 292, 294, 295, 296, 299, 301, 303, 304, 305, 306, 308, 309, 310, 311, 312, 313, 318, 319, 320, 321, 324, 326, 327, 328, 329, 331, 332, 334, 336, 337, 341, 342, 343, 345, 346, 347, 348, 349, 350, 351, 352, 353, 354, 357, 359, 360, 361, 362, 363, 365, 367, 369, 370, 372]
Number of Edges Removed: 817
Feedback Edge Set: [(128, 0), (128, 130), (128, 144), (0, 2), (0, 16), (0, 64), (0, 4), (0, 1), (129, 1), (129, 193), (129, 131), (129, 128), (129, 145), (1, 3), (1, 65), (1, 9), (1, 5), (130, 2), (130, 146), (2, 18), (2, 66), (131, 3), (131, 195), (131, 130), (131, 147), (3, 19), (3, 2), (3, 67), (136, 8), (136, 138), (136, 140), (136, 152), (8, 24), (8, 10), (8, 12), (137, 9), (137, 139), (137, 153), (137, 141), (9, 25), (9, 11), (9, 8), (9, 13), (138, 10), (138, 130), (10, 2), (139, 11), (139, 138), (139, 131), (11, 27), (11, 3), (11, 10), (144, 16), (144, 208), (144, 146), (144, 152), (144, 145), (16, 18), (16, 80), (16, 24), (16, 20), (145, 17), (145, 147), (145, 209), (17, 81), (17, 19), (17, 16), (17, 25), (17, 21), (146, 18), (146, 210), (18, 82), (147, 19), (147, 211), (19, 83), (19, 18), (152, 24), (152, 154), (152, 156), (24, 26), (24, 28), (153, 25), (153, 155), (153, 152), (153, 157), (25, 27), (25, 29), (154, 26), (154, 138), (154, 146), (26, 18), (155, 27), (155, 154), (155, 147), (27, 26), (27, 19), (160, 32), (160, 162), (160, 176), (160, 168), (160, 164), (32, 34), (32, 48), (32, 40), (32, 36), (32, 0), (32, 33), (161, 33), (161, 225), (161, 163), (161, 169), (161, 165), (161, 160), (161, 177), (33, 35), (33, 41), (33, 37), (33, 1), (162, 34), (162, 163), (162, 178), (162, 130), (34, 2), (34, 50), (163, 35), (163, 227), (163, 131), (163, 179), (35, 3), (35, 51), (35, 34), (168, 40), (168, 170), (168, 169), (168, 172), (168, 184), (40, 8), (40, 56), (40, 42), (40, 44), (40, 41), (169, 41), (169, 171), (169, 185), (169, 173), (41, 9), (41, 57), (41, 43), (41, 45), (170, 42), (170, 138), (170, 162), (42, 10), (42, 43), (171, 43), (171, 139), (43, 11), (43, 59), (43, 35), (176, 48), (176, 240), (176, 178), (176, 184), (176, 180), (176, 144), (176, 177), (48, 16), (48, 50), (48, 56), (48, 52), (177, 49), (177, 179), (177, 185), (177, 181), (177, 241), (177, 145), (49, 113), (49, 17), (49, 51), (49, 57), (49, 53), (49, 48), (178, 50), (178, 242), (178, 146), (178, 179), (179, 51), (179, 147), (179, 243), (51, 115), (51, 50), (184, 56), (184, 152), (184, 186), (184, 188), (184, 185), (56, 24), (56, 58), (56, 57), (56, 60), (185, 57), (185, 153), (185, 187), (185, 189), (57, 25), (57, 59), (57, 61), (186, 58), (186, 154), (186, 170), (186, 178), (186, 187), (58, 26), (58, 50), (58, 59), (187, 59), (187, 155), (187, 179), (59, 27), (192, 64), (192, 194), (192, 208), (64, 66), (64, 65), (64, 68), (193, 65), (193, 195), (193, 209), (65, 67), (65, 73), (65, 69), (194, 210), (66, 82), (195, 211), (67, 83), (67, 66), (200, 72), (200, 202), (200, 216), (200, 204), (200, 136), (72, 8), (72, 88), (72, 74), (72, 76), (201, 73), (201, 137), (201, 203), (201, 217), (201, 205), (73, 89), (73, 75), (73, 72), (73, 77), (73, 9), (202, 194), (202, 138), (74, 10), (74, 90), (74, 66), (203, 139), (203, 202), (203, 195), (75, 91), (75, 67), (75, 11), (75, 74), (208, 80), (208, 210), (208, 209), (208, 216), (80, 82), (80, 88), (80, 84), (209, 81), (209, 211), (81, 83), (81, 89), (81, 85), (210, 82), (210, 211), (211, 83), (83, 82), (216, 88), (216, 152), (216, 218), (216, 220), (88, 24), (88, 90), (88, 92), (217, 89), (217, 219), (217, 216), (217, 221), (89, 91), (89, 93), (89, 25), (218, 90), (218, 154), (218, 210), (90, 26), (90, 82), (219, 91), (219, 218), (219, 211), (91, 90), (91, 83), (91, 27), (224, 96), (224, 226), (224, 232), (224, 228), (224, 240), (96, 98), (96, 104), (96, 100), (96, 64), (96, 97), (225, 97), (225, 227), (225, 241), (225, 233), (225, 229), (225, 224), (97, 99), (97, 113), (97, 105), (97, 101), (97, 65), (226, 227), (226, 194), (226, 242), (98, 66), (98, 114), (227, 243), (227, 195), (99, 67), (99, 115), (99, 98), (232, 104), (232, 234), (232, 233), (232, 248), (232, 236), (104, 40), (104, 72), (104, 120), (104, 106), (104, 108), (104, 105), (233, 105), (233, 169), (233, 235), (233, 249), (233, 237), (105, 73), (105, 121), (105, 107), (105, 109), (105, 41), (234, 202), (234, 226), (106, 42), (106, 74), (106, 107), (106, 122), (235, 171), (235, 203), (107, 75), (107, 123), (107, 43), (107, 99), (240, 112), (240, 242), (240, 248), (240, 244), (240, 208), (240, 241), (112, 80), (112, 114), (112, 120), (112, 116), (241, 113), (241, 243), (241, 249), (241, 245), (241, 209), (113, 81), (113, 115), (113, 121), (113, 117), (113, 112), (242, 210), (242, 243), (243, 211), (115, 114), (248, 120), (248, 184), (248, 216), (248, 250), (248, 252), (248, 249), (120, 56), (120, 88), (120, 122), (120, 121), (120, 124), (249, 121), (249, 217), (249, 251), (249, 253), (121, 89), (121, 123), (121, 125), (121, 57), (250, 186), (250, 218), (250, 242), (250, 251), (122, 58), (122, 90), (122, 114), (122, 123), (251, 219), (251, 243), (123, 91), (123, 59), (4, 6), (132, 134), (132, 133), (5, 7), (5, 4), (133, 135), (6, 22), (6, 2), (6, 7), (134, 6), (134, 130), (7, 23), (7, 3), (135, 7), (135, 131), (135, 134), (12, 14), (12, 28), (12, 4), (140, 142), (140, 156), (140, 132), (13, 15), (13, 5), (13, 12), (141, 143), (141, 205), (141, 133), (141, 140), (141, 157), (14, 30), (142, 14), (142, 158), (142, 138), (15, 31), (143, 15), (143, 207), (143, 142), (143, 159), (143, 139), (20, 22), (148, 150), (148, 20), (148, 132), (148, 149), (21, 23), (21, 20), (149, 151), (149, 21), (149, 133), (22, 18), (150, 22), (150, 134), (150, 146), (23, 19), (23, 22), (151, 23), (151, 135), (151, 147), (151, 159), (28, 30), (28, 20), (156, 158), (156, 28), (156, 220), (156, 148), (156, 157), (29, 31), (29, 21), (29, 28), (157, 159), (157, 29), (157, 149), (158, 30), (158, 222), (31, 30), (159, 31), (159, 158), (36, 4), (36, 38), (36, 52), (164, 132), (164, 166), (164, 36), (164, 165), (37, 5), (37, 39), (37, 53), (37, 36), (165, 133), (165, 167), (165, 37), (38, 54), (38, 46), (38, 6), (38, 39), (166, 174), (166, 38), (166, 162), (39, 55), (39, 47), (39, 7), (167, 175), (167, 166), (167, 39), (167, 163), (44, 108), (44, 46), (172, 174), (172, 44), (172, 140), (172, 188), (45, 47), (45, 44), (45, 37), (173, 175), (173, 45), (173, 172), (173, 237), (173, 141), (173, 189), (46, 110), (46, 14), (46, 62), (46, 47), (174, 142), (174, 46), (174, 190), (174, 170), (47, 15), (47, 63), (175, 143), (175, 174), (175, 47), (175, 239), (175, 191), (175, 171), (52, 54), (180, 148), (180, 182), (180, 52), (53, 55), (53, 52), (181, 149), (181, 183), (181, 53), (54, 62), (182, 190), (182, 54), (55, 63), (55, 54), (183, 191), (183, 182), (183, 55), (60, 28), (60, 62), (60, 52), (188, 156), (188, 190), (188, 60), (188, 252), (61, 29), (61, 63), (61, 60), (61, 53), (189, 157), (189, 191), (189, 61), (189, 181), (62, 30), (190, 158), (190, 62), (190, 254), (63, 31), (63, 62), (191, 159), (191, 190), (191, 63), (68, 4), (68, 70), (196, 132), (196, 198), (196, 68), (196, 197), (69, 71), (69, 68), (197, 133), (197, 199), (197, 69), (70, 6), (70, 86), (70, 66), (70, 71), (198, 134), (198, 194), (198, 70), (71, 87), (71, 67), (199, 135), (199, 195), (199, 71), (199, 198), (76, 78), (76, 92), (76, 68), (204, 206), (204, 76), (204, 220), (204, 196), (204, 140), (77, 79), (77, 69), (77, 76), (205, 207), (205, 77), (205, 197), (205, 221), (78, 94), (78, 79), (206, 222), (206, 78), (206, 142), (206, 202), (79, 95), (207, 79), (207, 223), (207, 203), (207, 206), (84, 20), (84, 86), (212, 148), (212, 214), (212, 84), (212, 196), (212, 213), (85, 87), (85, 84), (213, 149), (213, 215), (213, 85), (213, 197), (86, 22), (86, 82), (214, 150), (214, 198), (214, 210), (214, 86), (87, 83), (87, 86), (215, 151), (215, 199), (215, 211), (215, 87), (215, 223), (92, 28), (92, 94), (92, 84), (220, 222), (220, 92), (220, 212), (220, 221), (93, 95), (93, 85), (93, 92), (221, 223), (221, 93), (221, 213), (221, 157), (94, 30), (222, 94), (95, 94), (223, 95), (223, 159), (100, 36), (100, 68), (100, 102), (228, 164), (228, 196), (228, 230), (228, 100), (228, 229), (101, 69), (101, 103), (101, 37), (101, 100), (229, 165), (229, 197), (229, 231), (229, 101), (102, 38), (102, 118), (102, 110), (102, 103), (102, 70), (230, 166), (230, 238), (230, 102), (230, 226), (103, 119), (103, 111), (103, 39), (103, 71), (231, 167), (231, 239), (231, 103), (231, 227), (108, 110), (108, 124), (236, 238), (236, 108), (236, 172), (236, 252), (236, 204), (109, 111), (109, 45), (109, 125), (109, 101), (109, 108), (237, 239), (237, 109), (237, 253), (237, 205), (110, 78), (110, 126), (110, 111), (238, 206), (238, 174), (238, 254), (238, 110), (238, 234), (111, 79), (111, 127), (111, 47), (239, 207), (239, 255), (239, 111), (239, 235), (116, 52), (116, 118), (244, 180), (244, 212), (244, 246), (244, 116), (244, 228), (244, 245), (117, 119), (117, 53), (245, 181), (245, 213), (245, 247), (245, 117), (245, 229), (118, 54), (118, 126), (246, 182), (246, 230), (246, 254), (246, 118), (119, 127), (119, 55), (247, 183), (247, 231), (247, 255), (247, 119), (247, 246), (124, 92), (124, 126), (124, 116), (252, 220), (252, 254), (252, 124), (252, 253), (125, 93), (125, 127), (125, 61), (125, 117), (253, 221), (253, 255), (253, 125), (253, 189), (253, 245), (126, 94), (254, 222), (254, 126), (127, 95), (127, 63), (255, 223), (255, 191), (255, 127), (255, 254)]
----------- STATS -----------
Algorithm used: Algorithm.PREFS
Runtime: 14.379382133483887seconds
Number of Iterations: 6
Number of Rows in Final Cycle Matrix: 1137
History of Number of Rows in the Cycle Matrix: [939, 1109, 1128, 1133, 1136, 1137]
Number of Constraints in Final Iteration: 4209
History of Constraint Nums: [4011, 4181, 4200, 4205, 4208, 4209]
Number of Prefs Removed (size of minFBPS): 126
Minimum Feedback Pref Set: [0, 1, 3, 4, 12, 16, 20, 21, 22, 23, 25, 26, 27, 28, 29, 32, 37, 40, 43, 45, 48, 53, 55, 56, 58, 61, 67, 68, 69, 71, 73, 76, 77, 78, 82, 83, 84, 86, 88, 90, 92, 94, 96, 97, 98, 101, 105, 106, 107, 109, 115, 119, 153, 155, 157, 159, 160, 161, 162, 166, 168, 170, 174, 184, 187, 192, 193, 194, 195, 196, 232, 234, 235, 237, 239, 240, 242, 248, 249, 250, 255, 259, 261, 262, 263, 264, 268, 272, 273, 277, 278, 282, 283, 284, 287, 289, 291, 293, 295, 297, 298, 299, 301, 302, 319, 331, 336, 337, 338, 340, 341, 343, 344, 345, 347, 348, 349, 351, 354, 358, 360, 361, 369, 370, 371, 372]
Number of Edges Removed: 887
Feedback Edge Set: [(128, 144), (0, 16), (0, 128), (0, 64), (0, 1), (129, 128), (129, 145), (1, 129), (1, 9), (130, 2), (130, 138), (130, 131), (130, 146), (130, 128), (2, 18), (2, 10), (2, 3), (2, 34), (2, 66), (2, 0), (131, 3), (131, 139), (131, 130), (131, 147), (131, 129), (3, 19), (3, 11), (3, 35), (3, 1), (136, 200), (136, 152), (8, 72), (8, 40), (8, 9), (8, 136), (9, 1), (9, 41), (9, 137), (138, 10), (138, 202), (138, 170), (138, 139), (138, 136), (10, 11), (10, 74), (10, 42), (10, 2), (10, 8), (139, 11), (139, 171), (139, 131), (139, 137), (11, 43), (11, 9), (144, 16), (144, 208), (144, 176), (144, 146), (144, 145), (16, 18), (16, 17), (16, 48), (16, 80), (145, 17), (145, 177), (17, 49), (17, 16), (146, 18), (146, 210), (146, 154), (146, 178), (18, 50), (18, 26), (18, 19), (18, 82), (18, 2), (147, 19), (147, 155), (147, 179), (147, 145), (19, 51), (19, 17), (152, 24), (152, 136), (152, 144), (152, 154), (152, 216), (152, 184), (152, 153), (24, 16), (24, 26), (24, 25), (24, 88), (24, 56), (24, 8), (153, 25), (153, 137), (153, 185), (25, 17), (25, 57), (25, 9), (154, 26), (154, 218), (154, 186), (154, 138), (154, 155), (26, 10), (26, 90), (26, 58), (26, 27), (155, 27), (155, 187), (155, 153), (27, 11), (27, 59), (27, 19), (27, 25), (160, 162), (160, 161), (160, 176), (160, 168), (32, 34), (32, 48), (32, 40), (32, 160), (32, 0), (32, 33), (161, 163), (161, 169), (161, 177), (33, 35), (33, 41), (33, 161), (33, 1), (162, 34), (162, 170), (162, 163), (162, 178), (162, 130), (34, 50), (34, 42), (34, 35), (163, 35), (163, 171), (163, 131), (163, 179), (35, 51), (35, 43), (168, 232), (168, 170), (168, 169), (168, 184), (40, 42), (40, 104), (40, 168), (40, 41), (169, 171), (41, 33), (41, 43), (41, 169), (170, 42), (170, 234), (170, 138), (42, 43), (42, 106), (171, 43), (171, 139), (176, 240), (176, 178), (176, 177), (48, 50), (48, 49), (48, 176), (177, 179), (177, 185), (49, 51), (49, 177), (178, 50), (178, 242), (178, 186), (178, 179), (50, 58), (50, 51), (50, 34), (179, 51), (179, 187), (184, 168), (184, 176), (184, 186), (184, 248), (184, 185), (56, 48), (56, 58), (56, 57), (56, 120), (56, 40), (56, 184), (185, 169), (185, 187), (57, 49), (57, 59), (57, 185), (57, 41), (186, 58), (186, 250), (186, 170), (186, 187), (58, 42), (58, 122), (58, 59), (187, 59), (59, 43), (192, 208), (64, 65), (64, 192), (193, 129), (193, 209), (65, 1), (65, 193), (65, 73), (194, 202), (194, 195), (194, 210), (194, 192), (66, 82), (66, 74), (66, 67), (66, 98), (66, 64), (195, 203), (195, 131), (195, 211), (195, 193), (67, 3), (67, 83), (67, 75), (67, 99), (67, 65), (72, 104), (72, 73), (72, 200), (201, 137), (73, 65), (73, 105), (73, 201), (73, 9), (202, 234), (202, 203), (202, 200), (74, 75), (74, 106), (74, 66), (74, 72), (203, 139), (203, 235), (203, 195), (203, 201), (75, 107), (75, 11), (75, 73), (208, 80), (208, 240), (208, 209), (80, 81), (80, 112), (209, 81), (209, 145), (209, 241), (81, 17), (81, 113), (210, 82), (210, 218), (210, 242), (210, 211), (210, 208), (82, 114), (82, 90), (82, 83), (82, 80), (211, 83), (211, 147), (211, 219), (211, 243), (211, 209), (83, 115), (83, 19), (83, 81), (216, 88), (216, 200), (216, 208), (216, 248), (216, 217), (88, 80), (88, 89), (88, 120), (88, 72), (217, 89), (217, 201), (217, 249), (89, 81), (89, 121), (89, 25), (89, 73), (218, 90), (218, 250), (218, 219), (218, 216), (90, 74), (90, 122), (90, 91), (90, 88), (219, 91), (219, 251), (219, 217), (91, 75), (91, 123), (91, 83), (91, 27), (91, 89), (224, 96), (224, 225), (224, 232), (224, 240), (96, 104), (96, 64), (96, 97), (225, 97), (225, 227), (225, 161), (225, 241), (225, 233), (97, 33), (97, 99), (97, 113), (97, 105), (97, 65), (226, 234), (226, 227), (226, 194), (226, 242), (226, 224), (98, 114), (98, 106), (98, 99), (98, 96), (227, 235), (227, 163), (227, 243), (227, 195), (99, 35), (99, 115), (99, 107), (232, 104), (232, 233), (104, 105), (233, 105), (233, 169), (233, 235), (105, 97), (105, 107), (105, 41), (234, 202), (234, 232), (106, 107), (106, 104), (235, 171), (235, 203), (107, 43), (240, 112), (240, 241), (112, 113), (241, 113), (241, 177), (241, 243), (241, 249), (113, 115), (113, 49), (242, 250), (242, 240), (242, 243), (114, 122), (114, 115), (114, 112), (243, 179), (243, 251), (115, 51), (115, 99), (248, 120), (248, 232), (248, 240), (248, 249), (120, 112), (120, 121), (120, 104), (249, 121), (249, 233), (249, 251), (121, 113), (121, 123), (121, 57), (121, 105), (250, 248), (250, 251), (122, 106), (122, 120), (122, 123), (123, 107), (123, 59), (4, 0), (4, 36), (132, 148), (132, 128), (132, 164), (5, 13), (5, 1), (5, 7), (5, 37), (5, 4), (133, 149), (133, 129), (133, 135), (133, 132), (133, 165), (6, 134), (6, 38), (6, 22), (6, 2), (6, 4), (134, 166), (134, 150), (134, 130), (134, 132), (7, 135), (7, 39), (7, 23), (7, 6), (7, 3), (135, 167), (135, 151), (135, 131), (135, 134), (12, 44), (12, 8), (12, 28), (12, 4), (140, 172), (140, 136), (140, 156), (140, 132), (13, 45), (13, 9), (13, 15), (13, 12), (141, 173), (141, 137), (141, 143), (141, 133), (141, 140), (141, 157), (14, 142), (14, 30), (14, 46), (14, 12), (142, 174), (142, 158), (142, 138), (142, 140), (15, 143), (15, 31), (15, 14), (15, 47), (143, 175), (143, 142), (143, 159), (143, 139), (20, 148), (20, 28), (20, 16), (148, 144), (148, 180), (21, 149), (21, 29), (21, 17), (21, 20), (149, 157), (149, 145), (149, 148), (149, 181), (22, 150), (22, 54), (22, 18), (22, 20), (150, 182), (150, 146), (150, 148), (23, 151), (23, 55), (23, 19), (23, 21), (23, 22), (151, 183), (151, 147), (151, 159), (151, 149), (28, 156), (28, 24), (156, 152), (156, 188), (156, 148), (29, 157), (29, 25), (29, 28), (157, 153), (157, 156), (157, 189), (30, 158), (30, 62), (30, 14), (30, 28), (158, 190), (158, 156), (31, 159), (31, 63), (31, 30), (31, 29), (159, 191), (159, 158), (159, 157), (36, 164), (36, 32), (36, 38), (164, 160), (164, 166), (37, 165), (37, 45), (37, 33), (37, 39), (37, 36), (165, 161), (165, 167), (165, 164), (38, 46), (166, 174), (166, 38), (166, 162), (39, 38), (39, 47), (167, 175), (167, 166), (167, 39), (167, 163), (44, 172), (44, 40), (44, 46), (172, 168), (172, 174), (172, 188), (45, 173), (45, 41), (45, 47), (45, 44), (173, 169), (173, 175), (173, 172), (173, 189), (46, 62), (174, 46), (174, 190), (174, 170), (47, 63), (47, 46), (175, 174), (175, 47), (175, 191), (175, 171), (52, 180), (52, 36), (52, 60), (52, 48), (52, 54), (180, 176), (180, 182), (53, 181), (53, 37), (53, 61), (53, 49), (53, 55), (53, 52), (181, 189), (181, 177), (181, 183), (181, 180), (54, 62), (54, 38), (182, 190), (182, 54), (55, 63), (55, 54), (55, 39), (183, 191), (183, 182), (183, 55), (60, 188), (60, 28), (60, 56), (60, 62), (188, 184), (188, 190), (61, 189), (61, 29), (61, 57), (61, 63), (61, 60), (189, 185), (189, 191), (189, 188), (190, 62), (63, 62), (191, 190), (191, 63), (68, 196), (68, 4), (68, 64), (68, 70), (68, 100), (196, 132), (196, 212), (196, 192), (196, 198), (196, 228), (69, 197), (69, 77), (69, 65), (69, 71), (69, 101), (69, 68), (197, 133), (197, 213), (197, 193), (197, 199), (197, 196), (197, 229), (70, 6), (70, 102), (70, 86), (70, 66), (198, 134), (198, 230), (198, 214), (198, 194), (198, 70), (71, 103), (71, 87), (71, 70), (71, 67), (199, 135), (199, 231), (199, 215), (199, 195), (199, 71), (199, 198), (76, 204), (76, 108), (76, 72), (76, 78), (76, 92), (76, 68), (204, 236), (204, 200), (204, 206), (204, 220), (204, 196), (204, 140), (77, 205), (77, 109), (77, 73), (77, 79), (77, 76), (205, 141), (205, 237), (205, 201), (205, 207), (205, 197), (205, 221), (78, 94), (78, 110), (206, 238), (206, 222), (206, 78), (206, 142), (206, 202), (79, 95), (79, 78), (79, 111), (207, 143), (207, 239), (207, 79), (207, 223), (207, 203), (207, 206), (84, 212), (84, 20), (84, 92), (84, 80), (212, 148), (212, 208), (212, 244), (85, 213), (85, 93), (85, 81), (85, 84), (213, 149), (213, 221), (213, 209), (213, 212), (213, 245), (86, 22), (86, 118), (86, 82), (86, 84), (214, 150), (214, 246), (214, 210), (214, 86), (214, 212), (87, 119), (87, 83), (87, 85), (87, 86), (215, 151), (215, 247), (215, 211), (215, 87), (215, 223), (215, 213), (92, 220), (92, 28), (92, 88), (220, 156), (220, 216), (220, 252), (220, 212), (93, 221), (93, 89), (93, 92), (221, 217), (221, 220), (221, 253), (221, 157), (94, 30), (94, 126), (94, 78), (94, 92), (222, 158), (222, 254), (222, 94), (222, 220), (95, 127), (95, 93), (95, 94), (223, 255), (223, 95), (223, 159), (223, 221), (100, 228), (100, 36), (100, 96), (228, 164), (228, 244), (228, 224), (101, 229), (101, 109), (101, 97), (101, 103), (101, 37), (101, 100), (229, 165), (229, 245), (229, 225), (229, 231), (229, 228), (102, 38), (102, 118), (102, 110), (102, 100), (230, 166), (230, 246), (230, 238), (230, 102), (230, 226), (230, 228), (103, 119), (103, 102), (103, 111), (103, 39), (231, 167), (231, 247), (231, 239), (231, 103), (231, 227), (108, 236), (108, 104), (108, 44), (108, 124), (236, 232), (236, 172), (236, 252), (109, 237), (109, 105), (109, 111), (109, 45), (109, 125), (109, 108), (237, 173), (237, 233), (237, 239), (237, 253), (110, 126), (110, 46), (110, 108), (238, 174), (238, 254), (238, 110), (238, 234), (238, 236), (111, 127), (111, 110), (111, 47), (239, 175), (239, 255), (239, 111), (239, 235), (116, 244), (116, 52), (116, 124), (116, 112), (244, 180), (244, 240), (117, 245), (117, 125), (117, 113), (117, 119), (117, 53), (245, 181), (245, 253), (245, 241), (245, 247), (245, 244), (118, 54), (118, 126), (118, 116), (246, 182), (246, 254), (246, 118), (246, 244), (119, 127), (119, 55), (247, 183), (247, 255), (247, 119), (247, 246), (124, 252), (124, 60), (124, 92), (124, 120), (252, 188), (252, 248), (125, 253), (125, 93), (125, 121), (125, 127), (125, 61), (253, 249), (253, 255), (253, 252), (253, 189), (126, 62), (126, 110), (126, 124), (254, 190), (254, 126), (254, 252), (127, 63), (127, 111), (255, 191), (255, 127), (255, 254)]
