----------- GRAPH -----------
Number of Preferences: 377
Number of Outcomes: 256
Number of Edges: 1816
----------- STATS -----------
Algorithm used: Algorithm.MFAS
Runtime: 60.60773205757141seconds
Number of Iterations: 33
Number of Rows in Final Cycle Matrix: 4542
History of Number of Rows in the Cycle Matrix: [945, 1292, 1651, 1996, 2308, 2580, 2841, 3026, 3213, 3329, 3456, 3620, 3675, 3822, 3849, 3975, 4028, 4064, 4090, 4207, 4223, 4290, 4323, 4346, 4378, 4381, 4387, 4458, 4496, 4504, 4518, 4519, 4542]
Number of Constraints in Final Iteration: 4542
History of Constraint Nums: [945, 1292, 1651, 1996, 2308, 2580, 2841, 3026, 3213, 3329, 3456, 3620, 3675, 3822, 3849, 3975, 4028, 4064, 4090, 4207, 4223, 4290, 4323, 4346, 4378, 4381, 4387, 4458, 4496, 4504, 4518, 4519, 4542]
Number of Edges Removed: 792
Feedback Edge Set: [(0, 2), (0, 1), (0, 64), (0, 8), (0, 4), (130, 2), (130, 138), (130, 194), (130, 162), (130, 128), (2, 3), (132, 128), (4, 20), (4, 6), (4, 5), (134, 142), (134, 130), (134, 135), (134, 198), (134, 166), (134, 132), (6, 22), (6, 2), (6, 7), (6, 38), (136, 140), (136, 137), (136, 168), (136, 152), (136, 128), (8, 10), (8, 136), (8, 40), (8, 12), (138, 142), (138, 136), (138, 139), (138, 202), (138, 170), (10, 2), (10, 11), (10, 138), (10, 42), (140, 141), (140, 132), (12, 13), (142, 158), (142, 140), (142, 143), (142, 206), (142, 174), (14, 6), (14, 15), (14, 46), (14, 12), (144, 128), (144, 145), (16, 80), (16, 24), (16, 20), (146, 147), (146, 144), (18, 19), (18, 146), (18, 26), (18, 16), (18, 2), (18, 22), (148, 212), (148, 156), (148, 144), (148, 150), (148, 149), (150, 158), (150, 146), (150, 151), (150, 214), (150, 182), (150, 134), (22, 54), (22, 20), (152, 156), (152, 153), (152, 144), (24, 152), (24, 28), (154, 138), (154, 158), (154, 152), (154, 155), (26, 10), (26, 27), (26, 154), (26, 58), (26, 24), (156, 157), (156, 158), (28, 29), (28, 12), (30, 22), (30, 62), (30, 14), (30, 28), (192, 200), (192, 194), (192, 208), (64, 66), (64, 192), (64, 96), (194, 226), (66, 82), (66, 67), (66, 194), (66, 2), (66, 98), (66, 74), (196, 68), (196, 204), (196, 198), (196, 132), (196, 212), (196, 228), (68, 4), (68, 76), (68, 100), (198, 199), (198, 230), (70, 86), (70, 71), (70, 102), (70, 68), (70, 6), (70, 78), (72, 8), (72, 88), (202, 200), (74, 202), (74, 10), (74, 106), (74, 90), (74, 72), (74, 78), (204, 140), (204, 220), (204, 200), (204, 206), (76, 12), (76, 72), (206, 238), (206, 198), (206, 202), (78, 110), (78, 76), (80, 208), (210, 242), (210, 208), (82, 210), (82, 18), (82, 114), (82, 90), (82, 80), (84, 20), (84, 86), (84, 212), (84, 116), (214, 215), (214, 246), (214, 198), (214, 212), (86, 22), (86, 118), (216, 200), (216, 208), (88, 24), (88, 90), (218, 154), (218, 202), (218, 216), (90, 218), (90, 26), (90, 122), (220, 156), (220, 212), (220, 216), (220, 222), (92, 28), (92, 88), (92, 94), (222, 158), (222, 206), (222, 218), (94, 86), (94, 90), (94, 30), (94, 126), (129, 161), (129, 128), (1, 33), (1, 9), (1, 65), (1, 3), (131, 3), (131, 163), (131, 147), (131, 139), (131, 129), (131, 130), (131, 135), (3, 19), (133, 165), (133, 149), (133, 141), (133, 132), (5, 13), (135, 167), (135, 151), (135, 143), (135, 133), (7, 39), (7, 15), (7, 3), (7, 5), (137, 129), (9, 41), (9, 13), (9, 73), (9, 137), (9, 11), (9, 8), (139, 137), (139, 155), (11, 15), (11, 139), (11, 3), (141, 143), (13, 141), (15, 13), (15, 143), (145, 177), (17, 49), (17, 81), (17, 19), (17, 16), (147, 145), (19, 147), (149, 181), (149, 157), (21, 29), (21, 23), (21, 5), (21, 85), (21, 20), (151, 183), (151, 159), (151, 147), (151, 149), (23, 55), (23, 19), (23, 7), (23, 22), (153, 185), (153, 145), (153, 155), (25, 57), (25, 29), (25, 89), (25, 153), (25, 17), (25, 27), (25, 24), (27, 11), (27, 31), (27, 155), (157, 29), (157, 141), (29, 13), (159, 157), (159, 143), (159, 158), (31, 29), (31, 15), (31, 23), (31, 159), (31, 30), (193, 201), (193, 197), (65, 97), (65, 73), (65, 193), (65, 81), (65, 69), (65, 67), (195, 67), (195, 227), (195, 193), (195, 194), (195, 131), (67, 99), (67, 3), (197, 229), (197, 205), (197, 133), (197, 199), (69, 5), (69, 101), (69, 77), (69, 71), (69, 85), (199, 231), (199, 215), (199, 135), (71, 103), (71, 87), (71, 79), (71, 7), (201, 217), (201, 205), (73, 105), (73, 89), (73, 201), (73, 75), (203, 139), (203, 235), (203, 201), (75, 107), (75, 79), (75, 203), (75, 11), (205, 141), (205, 221), (77, 13), (77, 109), (77, 73), (77, 205), (77, 93), (77, 79), (207, 143), (207, 239), (207, 205), (207, 199), (79, 111), (209, 193), (209, 217), (209, 208), (81, 113), (81, 80), (81, 209), (81, 85), (81, 83), (211, 83), (211, 243), (211, 147), (211, 209), (211, 210), (211, 195), (83, 115), (83, 19), (83, 82), (83, 67), (213, 245), (213, 197), (213, 221), (213, 209), (213, 149), (213, 212), (213, 215), (85, 87), (85, 84), (215, 247), (215, 151), (87, 119), (87, 23), (87, 86), (89, 121), (89, 93), (89, 81), (89, 217), (89, 91), (219, 155), (219, 251), (219, 203), (219, 217), (91, 123), (91, 75), (91, 95), (91, 219), (91, 27), (221, 253), (221, 217), (221, 157), (93, 29), (93, 125), (93, 85), (93, 221), (223, 159), (223, 255), (223, 221), (95, 127), (95, 93), (95, 31), (32, 160), (32, 33), (32, 96), (32, 36), (34, 2), (34, 32), (34, 98), (34, 38), (34, 42), (162, 226), (162, 170), (162, 166), (162, 160), (36, 164), (36, 52), (36, 38), (164, 160), (38, 54), (38, 46), (166, 230), (166, 164), (166, 38), (40, 41), (40, 42), (168, 169), (168, 160), (42, 58), (42, 43), (42, 106), (170, 171), (170, 168), (44, 12), (44, 46), (44, 60), (44, 108), (172, 140), (172, 174), (172, 173), (172, 188), (172, 164), (172, 168), (172, 44), (46, 62), (46, 42), (46, 110), (174, 175), (174, 46), (174, 238), (174, 170), (48, 176), (48, 32), (48, 112), (48, 52), (176, 160), (176, 180), (176, 177), (50, 18), (50, 48), (50, 34), (50, 58), (50, 54), (178, 242), (178, 146), (178, 182), (178, 176), (178, 179), (178, 162), (52, 116), (52, 54), (180, 164), (180, 188), (180, 181), (180, 52), (180, 182), (54, 55), (54, 62), (182, 183), (182, 54), (56, 24), (56, 40), (56, 58), (184, 152), (184, 168), (184, 188), (184, 185), (184, 176), (58, 62), (186, 154), (186, 170), (186, 184), (60, 188), (60, 28), (60, 52), (60, 62), (60, 124), (188, 156), (188, 189), (190, 158), (190, 188), (190, 62), (190, 186), (96, 98), (224, 160), (224, 192), (224, 232), (224, 228), (224, 225), (224, 240), (224, 226), (100, 36), (100, 116), (100, 108), (100, 102), (228, 164), (228, 244), (228, 229), (228, 230), (102, 230), (102, 118), (102, 98), (104, 40), (104, 106), (232, 168), (232, 104), (106, 98), (106, 110), (234, 170), (234, 202), (234, 238), (234, 232), (234, 106), (108, 110), (236, 172), (236, 238), (236, 232), (236, 108), (236, 228), (110, 238), (110, 102), (238, 230), (112, 80), (112, 96), (112, 120), (112, 114), (240, 176), (240, 208), (240, 248), (240, 244), (240, 242), (114, 98), (116, 118), (244, 180), (244, 212), (244, 246), (118, 54), (118, 114), (118, 119), (246, 118), (246, 182), (246, 230), (120, 56), (120, 104), (248, 184), (248, 120), (248, 232), (122, 58), (122, 106), (122, 114), (122, 120), (250, 186), (250, 218), (250, 251), (250, 242), (250, 248), (250, 122), (124, 108), (252, 188), (252, 244), (252, 248), (252, 124), (252, 236), (126, 62), (126, 110), (126, 118), (126, 122), (126, 124), (254, 190), (254, 222), (254, 238), (254, 255), (254, 252), (254, 126), (254, 250), (161, 165), (161, 177), (161, 160), (33, 97), (33, 41), (33, 161), (163, 171), (163, 161), (35, 43), (35, 33), (35, 163), (35, 99), (35, 3), (165, 173), (165, 164), (37, 101), (37, 45), (37, 39), (37, 165), (37, 5), (37, 33), (37, 36), (167, 165), (167, 163), (39, 55), (39, 167), (39, 35), (169, 137), (169, 185), (169, 161), (169, 173), (41, 169), (41, 43), (171, 169), (43, 171), (173, 141), (173, 189), (45, 109), (45, 41), (45, 173), (45, 13), (45, 44), (175, 171), (175, 173), (47, 63), (47, 43), (47, 175), (47, 45), (47, 111), (47, 46), (177, 185), (177, 181), (49, 113), (49, 33), (49, 53), (49, 177), (49, 48), (179, 177), (179, 243), (179, 163), (179, 147), (51, 55), (51, 49), (51, 179), (51, 35), (51, 50), (51, 19), (181, 165), (181, 189), (53, 37), (53, 61), (53, 55), (53, 181), (53, 21), (53, 52), (183, 55), (183, 181), (183, 179), (55, 119), (57, 121), (57, 41), (57, 185), (57, 49), (57, 61), (57, 59), (57, 56), (187, 59), (187, 185), (187, 171), (187, 191), (187, 186), (59, 43), (59, 63), (59, 58), (189, 185), (189, 157), (61, 45), (61, 63), (61, 189), (61, 29), (61, 60), (191, 189), (191, 190), (63, 191), (63, 62), (225, 97), (225, 233), (225, 229), (225, 193), (225, 241), (225, 227), (97, 96), (227, 99), (227, 226), (99, 97), (99, 98), (99, 115), (229, 101), (229, 165), (101, 103), (101, 97), (101, 100), (231, 103), (231, 229), (231, 230), (103, 119), (103, 111), (103, 102), (233, 169), (233, 201), (105, 233), (105, 41), (105, 97), (235, 233), (235, 171), (107, 43), (107, 105), (107, 235), (107, 111), (107, 123), (237, 173), (237, 253), (237, 205), (237, 229), (109, 111), (109, 237), (109, 101), (239, 111), (239, 235), (239, 175), (239, 255), (239, 231), (239, 237), (241, 245), (241, 177), (241, 209), (241, 243), (113, 97), (113, 121), (113, 117), (113, 241), (113, 115), (243, 242), (115, 243), (115, 114), (245, 253), (245, 181), (245, 229), (245, 247), (117, 125), (117, 119), (117, 245), (117, 85), (247, 119), (247, 183), (247, 246), (247, 231), (249, 121), (249, 185), (249, 217), (249, 233), (249, 241), (251, 249), (251, 243), (251, 255), (123, 59), (123, 121), (123, 251), (123, 115), (123, 122), (253, 189), (253, 255), (125, 253), (127, 63), (127, 111), (127, 123), (127, 255), (127, 125), (127, 126)]
----------- STATS -----------
Algorithm used: Algorithm.EDGES
Runtime: 10.857633829116821seconds
Number of Iterations: 1
Number of Rows in Final Cycle Matrix: 945
History of Number of Rows in the Cycle Matrix: [945]
Number of Constraints in Final Iteration: 11977
History of Constraint Nums: [11977]
Number of Prefs Removed (size of minFBPS): 218
Minimum Feedback Pref Set: [4, 5, 6, 7, 8, 9, 12, 16, 18, 19, 23, 26, 27, 28, 30, 32, 33, 34, 37, 41, 43, 45, 46, 48, 50, 52, 57, 58, 59, 62, 77, 84, 90, 92, 93, 94, 96, 101, 104, 105, 106, 107, 108, 118, 120, 121, 123, 124, 127, 128, 129, 130, 132, 133, 134, 136, 137, 138, 139, 140, 141, 142, 143, 144, 146, 148, 149, 150, 152, 153, 154, 156, 157, 158, 159, 160, 161, 162, 164, 167, 170, 172, 175, 178, 180, 181, 182, 183, 184, 185, 186, 187, 188, 189, 190, 191, 192, 193, 194, 195, 196, 197, 198, 199, 200, 201, 202, 203, 204, 205, 206, 207, 208, 209, 210, 211, 212, 215, 216, 219, 223, 226, 228, 230, 231, 235, 238, 239, 242, 243, 247, 249, 250, 251, 252, 253, 254, 256, 258, 259, 260, 261, 262, 263, 264, 265, 266, 267, 268, 269, 270, 272, 274, 275, 276, 278, 279, 280, 290, 292, 294, 295, 299, 302, 303, 304, 305, 307, 308, 309, 311, 312, 313, 314, 316, 317, 318, 319, 320, 321, 323, 325, 326, 327, 328, 329, 330, 331, 332, 333, 334, 335, 336, 338, 339, 340, 344, 345, 346, 347, 348, 349, 350, 351, 353, 356, 357, 358, 360, 361, 362, 364, 366, 367, 368, 369, 371, 372]
Number of Edges Removed: 792
Feedback Edge Set: [(128, 130), (128, 144), (128, 132), (0, 2), (0, 8), (0, 4), (130, 194), (130, 162), (130, 134), (2, 66), (2, 130), (2, 34), (2, 10), (2, 6), (132, 134), (4, 6), (134, 150), (134, 198), (134, 166), (6, 70), (6, 22), (6, 38), (6, 14), (136, 140), (136, 168), (136, 152), (136, 128), (136, 138), (8, 10), (8, 136), (8, 40), (8, 12), (138, 142), (138, 170), (138, 130), (10, 138), (10, 42), (140, 132), (140, 172), (140, 142), (12, 14), (12, 44), (142, 158), (142, 174), (142, 134), (14, 30), (14, 46), (144, 146), (144, 148), (16, 18), (16, 24), (16, 20), (146, 178), (146, 150), (18, 82), (18, 146), (18, 50), (18, 26), (18, 2), (18, 22), (148, 150), (20, 22), (20, 4), (150, 214), (150, 182), (22, 86), (22, 54), (22, 30), (152, 156), (152, 184), (152, 144), (152, 154), (24, 26), (24, 152), (24, 56), (24, 28), (154, 138), (154, 158), (154, 186), (26, 10), (26, 154), (26, 58), (156, 148), (156, 188), (156, 158), (28, 30), (28, 12), (28, 60), (158, 190), (158, 150), (30, 62), (192, 194), (192, 224), (192, 208), (64, 0), (64, 66), (64, 192), (64, 96), (194, 226), (66, 194), (66, 98), (66, 74), (196, 198), (196, 132), (196, 212), (196, 228), (68, 4), (68, 70), (68, 76), (68, 196), (68, 100), (198, 214), (198, 230), (70, 86), (70, 102), (70, 78), (200, 216), (200, 204), (200, 192), (200, 202), (72, 8), (72, 88), (72, 74), (72, 76), (202, 138), (202, 206), (202, 234), (74, 202), (74, 10), (74, 106), (74, 78), (204, 140), (204, 220), (204, 196), (204, 206), (76, 12), (76, 78), (206, 142), (206, 238), (206, 198), (206, 222), (78, 110), (208, 210), (208, 240), (80, 16), (80, 82), (80, 208), (80, 112), (210, 242), (82, 210), (82, 114), (82, 90), (82, 66), (212, 214), (212, 148), (212, 244), (84, 20), (84, 86), (84, 212), (84, 116), (214, 246), (86, 118), (86, 94), (216, 220), (216, 208), (216, 218), (88, 24), (88, 90), (88, 92), (218, 154), (218, 202), (218, 222), (218, 250), (90, 74), (90, 218), (90, 26), (90, 122), (90, 94), (220, 156), (220, 212), (220, 222), (92, 28), (92, 94), (222, 158), (222, 254), (94, 30), (94, 126), (129, 161), (129, 131), (129, 128), (1, 33), (1, 3), (1, 0), (131, 195), (131, 163), (131, 130), (131, 135), (3, 67), (3, 35), (3, 131), (3, 2), (3, 7), (133, 165), (133, 135), (133, 132), (5, 37), (5, 7), (5, 4), (135, 199), (135, 167), (135, 151), (135, 134), (7, 71), (7, 39), (7, 23), (7, 6), (137, 169), (137, 129), (137, 139), (137, 136), (9, 41), (9, 13), (9, 137), (9, 1), (9, 11), (9, 8), (139, 131), (139, 138), (11, 15), (11, 139), (11, 3), (11, 10), (141, 173), (141, 133), (141, 143), (141, 140), (13, 45), (13, 5), (13, 141), (13, 15), (13, 12), (143, 159), (143, 135), (143, 142), (15, 31), (15, 7), (15, 143), (15, 14), (145, 177), (145, 147), (145, 144), (17, 49), (17, 19), (17, 16), (147, 211), (147, 179), (147, 146), (147, 131), (147, 151), (19, 83), (19, 51), (19, 147), (19, 18), (19, 3), (19, 23), (149, 181), (149, 133), (149, 151), (149, 148), (21, 53), (21, 23), (21, 5), (21, 20), (151, 215), (151, 183), (151, 150), (23, 87), (23, 55), (23, 22), (153, 185), (153, 145), (153, 155), (153, 152), (25, 57), (25, 29), (25, 153), (25, 17), (25, 27), (25, 24), (155, 139), (155, 154), (27, 11), (27, 31), (27, 155), (27, 26), (157, 189), (157, 149), (157, 141), (157, 159), (157, 156), (29, 61), (29, 13), (29, 21), (29, 157), (29, 31), (29, 28), (159, 151), (159, 158), (31, 23), (31, 159), (31, 30), (193, 225), (193, 195), (193, 209), (193, 197), (65, 1), (65, 97), (65, 193), (65, 81), (65, 69), (65, 67), (195, 227), (195, 194), (67, 99), (67, 195), (67, 66), (197, 229), (197, 133), (197, 213), (197, 199), (69, 5), (69, 101), (69, 71), (69, 85), (199, 231), (199, 215), (199, 198), (71, 103), (71, 87), (71, 70), (201, 233), (201, 217), (201, 193), (201, 205), (201, 203), (73, 9), (73, 105), (73, 89), (73, 77), (73, 65), (73, 201), (73, 75), (203, 139), (203, 235), (75, 107), (75, 79), (75, 203), (75, 11), (205, 237), (205, 141), (205, 221), (205, 197), (205, 207), (77, 13), (77, 109), (77, 205), (77, 93), (77, 69), (77, 79), (207, 143), (207, 239), (207, 199), (79, 111), (79, 71), (209, 241), (209, 211), (209, 208), (209, 213), (81, 17), (81, 113), (81, 80), (81, 209), (81, 85), (81, 83), (211, 243), (211, 210), (211, 195), (83, 115), (83, 211), (83, 82), (83, 67), (213, 245), (213, 149), (213, 212), (213, 215), (85, 21), (85, 117), (85, 87), (85, 84), (215, 247), (215, 214), (87, 119), (87, 86), (217, 249), (217, 209), (217, 221), (217, 219), (89, 25), (89, 121), (89, 93), (89, 81), (89, 217), (89, 91), (219, 155), (219, 251), (219, 203), (91, 123), (91, 75), (91, 95), (91, 219), (91, 27), (221, 253), (221, 157), (221, 213), (221, 223), (93, 29), (93, 125), (93, 85), (93, 221), (93, 95), (223, 159), (223, 255), (95, 127), (95, 31), (32, 36), (32, 34), (160, 32), (160, 162), (34, 98), (34, 38), (34, 42), (162, 226), (36, 38), (164, 160), (164, 36), (164, 166), (38, 46), (166, 230), (166, 38), (166, 162), (40, 42), (168, 170), (168, 160), (42, 46), (170, 162), (44, 46), (172, 174), (172, 164), (172, 168), (172, 44), (174, 46), (174, 170), (48, 32), (48, 52), (48, 50), (176, 160), (176, 48), (176, 178), (50, 34), (50, 58), (50, 54), (178, 242), (178, 162), (52, 36), (52, 60), (52, 54), (180, 164), (180, 176), (180, 52), (180, 182), (54, 118), (54, 38), (54, 62), (182, 246), (182, 54), (182, 178), (56, 40), (56, 58), (184, 168), (184, 186), (184, 176), (58, 42), (58, 62), (186, 170), (60, 44), (60, 62), (188, 172), (188, 190), (188, 184), (188, 60), (188, 180), (62, 46), (190, 62), (190, 186), (96, 32), (96, 98), (224, 160), (224, 226), (98, 106), (98, 102), (98, 114), (100, 36), (100, 108), (100, 102), (228, 164), (228, 224), (228, 230), (102, 110), (230, 102), (104, 40), (104, 106), (232, 168), (232, 234), (232, 224), (232, 104), (106, 42), (106, 110), (106, 122), (234, 170), (234, 106), (108, 44), (108, 110), (236, 172), (236, 238), (236, 232), (236, 108), (236, 228), (110, 46), (110, 126), (238, 174), (238, 254), (238, 230), (238, 110), (238, 234), (112, 48), (112, 96), (112, 120), (112, 114), (240, 176), (240, 224), (240, 242), (114, 118), (114, 122), (116, 52), (116, 100), (116, 118), (244, 180), (244, 240), (244, 228), (244, 246), (118, 102), (118, 126), (246, 118), (246, 230), (120, 56), (120, 104), (120, 122), (248, 184), (248, 250), (248, 120), (248, 232), (248, 240), (122, 58), (122, 126), (250, 186), (250, 242), (250, 122), (124, 60), (124, 126), (124, 108), (252, 188), (252, 254), (252, 244), (252, 248), (252, 124), (252, 236), (126, 62), (254, 190), (254, 126), (254, 250), (161, 160), (161, 163), (33, 161), (33, 32), (33, 35), (35, 163), (35, 99), (165, 161), (165, 164), (165, 167), (37, 39), (37, 165), (37, 33), (37, 36), (167, 163), (39, 167), (39, 35), (169, 161), (169, 168), (169, 173), (169, 171), (41, 169), (41, 33), (41, 40), (41, 45), (41, 43), (171, 163), (171, 175), (171, 170), (43, 171), (43, 35), (43, 47), (43, 42), (173, 175), (173, 165), (173, 172), (45, 47), (45, 173), (45, 37), (45, 44), (175, 174), (47, 175), (47, 46), (177, 161), (177, 176), (177, 179), (49, 33), (49, 177), (49, 48), (49, 51), (179, 243), (179, 163), (179, 178), (51, 179), (51, 35), (51, 50), (181, 165), (181, 177), (181, 180), (181, 183), (53, 37), (53, 55), (53, 181), (53, 49), (53, 52), (183, 247), (183, 182), (183, 179), (55, 183), (55, 119), (55, 39), (55, 54), (55, 51), (185, 169), (185, 177), (185, 189), (185, 187), (185, 184), (57, 41), (57, 185), (57, 49), (57, 61), (57, 59), (57, 56), (187, 171), (187, 191), (187, 186), (59, 187), (59, 43), (59, 63), (59, 58), (189, 173), (189, 191), (189, 181), (189, 188), (61, 45), (61, 63), (61, 189), (61, 53), (61, 60), (191, 190), (63, 191), (63, 47), (63, 62), (225, 224), (225, 227), (97, 225), (97, 33), (97, 96), (97, 99), (227, 226), (99, 227), (99, 98), (99, 115), (229, 165), (229, 225), (229, 228), (229, 231), (101, 103), (101, 229), (101, 37), (101, 97), (101, 100), (231, 230), (103, 231), (103, 102), (233, 169), (233, 225), (233, 235), (105, 233), (105, 41), (105, 97), (105, 107), (235, 171), (235, 239), (107, 43), (107, 235), (107, 111), (107, 123), (237, 173), (237, 239), (237, 229), (109, 111), (109, 237), (109, 45), (109, 101), (239, 175), (239, 255), (239, 231), (111, 47), (111, 239), (111, 103), (111, 127), (241, 225), (241, 177), (241, 243), (113, 97), (113, 241), (113, 49), (113, 115), (243, 242), (115, 243), (115, 114), (245, 181), (245, 241), (245, 229), (245, 247), (117, 119), (117, 245), (117, 113), (247, 246), (247, 231), (119, 247), (119, 103), (119, 118), (249, 185), (249, 233), (249, 241), (249, 251), (121, 249), (121, 57), (121, 113), (121, 123), (251, 243), (251, 255), (251, 250), (123, 59), (123, 251), (123, 115), (123, 127), (123, 122), (253, 189), (253, 255), (253, 245), (253, 237), (125, 127), (125, 253), (125, 117), (255, 254), (127, 63), (127, 255), (127, 126)]
----------- STATS -----------
Algorithm used: Algorithm.PREFS
Runtime: 13.894116878509521seconds
Number of Iterations: 4
Number of Rows in Final Cycle Matrix: 1326
History of Number of Rows in the Cycle Matrix: [945, 1249, 1311, 1326]
Number of Constraints in Final Iteration: 4398
History of Constraint Nums: [4017, 4321, 4383, 4398]
Number of Prefs Removed (size of minFBPS): 125
Minimum Feedback Pref Set: [0, 1, 2, 3, 13, 17, 21, 22, 26, 27, 29, 30, 35, 36, 37, 39, 40, 41, 44, 45, 55, 57, 58, 62, 64, 65, 66, 68, 70, 71, 72, 73, 77, 78, 84, 86, 88, 101, 118, 122, 123, 124, 125, 127, 128, 129, 130, 131, 132, 135, 136, 138, 140, 145, 146, 149, 152, 153, 155, 160, 162, 163, 164, 166, 169, 170, 171, 172, 174, 175, 177, 178, 179, 180, 190, 195, 197, 201, 204, 207, 212, 215, 216, 217, 249, 265, 274, 282, 283, 284, 285, 286, 287, 299, 306, 308, 311, 316, 317, 318, 320, 322, 326, 327, 328, 334, 335, 336, 338, 339, 340, 347, 349, 353, 356, 357, 358, 367, 368, 369, 370, 371, 372, 373, 374]
Number of Edges Removed: 876
Feedback Edge Set: [(128, 144), (128, 132), (0, 64), (0, 4), (130, 2), (130, 146), (130, 138), (130, 131), (130, 162), (130, 128), (130, 134), (2, 18), (2, 3), (2, 34), (2, 0), (2, 10), (2, 6), (132, 148), (132, 140), (4, 20), (4, 68), (134, 150), (134, 142), (134, 135), (134, 166), (134, 132), (6, 22), (6, 7), (6, 38), (6, 4), (6, 14), (136, 8), (136, 140), (136, 152), (136, 128), (136, 138), (8, 0), (8, 72), (8, 12), (138, 10), (138, 142), (138, 154), (10, 26), (10, 8), (140, 156), (140, 142), (12, 28), (12, 76), (142, 158), (14, 30), (14, 12), (144, 148), (16, 80), (16, 20), (146, 18), (146, 147), (146, 178), (146, 144), (146, 150), (18, 19), (18, 50), (18, 16), (18, 22), (148, 156), (20, 84), (150, 158), (150, 151), (150, 182), (150, 148), (22, 23), (22, 54), (22, 20), (22, 30), (152, 24), (152, 156), (152, 144), (152, 154), (24, 16), (24, 88), (24, 28), (154, 26), (154, 158), (154, 218), (26, 18), (26, 24), (156, 158), (28, 92), (30, 28), (192, 64), (192, 200), (192, 208), (194, 66), (194, 130), (194, 210), (194, 195), (194, 226), (194, 192), (66, 82), (66, 67), (66, 2), (66, 98), (66, 64), (196, 68), (196, 132), (196, 212), (198, 134), (198, 214), (198, 206), (198, 199), (198, 230), (198, 196), (70, 86), (70, 71), (70, 102), (70, 68), (70, 6), (70, 78), (200, 72), (200, 216), (200, 204), (200, 192), (200, 202), (72, 88), (72, 64), (72, 76), (202, 138), (202, 206), (202, 234), (202, 218), (74, 66), (74, 202), (74, 10), (74, 106), (74, 90), (74, 72), (74, 78), (204, 140), (204, 220), (204, 196), (204, 206), (76, 68), (206, 142), (206, 238), (206, 222), (78, 110), (78, 76), (208, 80), (208, 216), (208, 209), (80, 81), (210, 82), (210, 146), (210, 211), (210, 242), (210, 208), (82, 83), (82, 18), (82, 114), (82, 80), (212, 84), (212, 220), (212, 213), (212, 148), (84, 85), (214, 150), (214, 222), (214, 215), (214, 246), (214, 212), (86, 87), (86, 22), (86, 118), (86, 94), (86, 84), (216, 88), (216, 220), (216, 208), (216, 218), (88, 80), (88, 92), (218, 154), (218, 222), (218, 250), (90, 82), (90, 218), (90, 26), (90, 122), (90, 88), (90, 94), (220, 156), (220, 222), (222, 158), (222, 254), (94, 86), (94, 30), (94, 126), (94, 92), (129, 161), (129, 128), (1, 33), (1, 65), (1, 3), (1, 0), (131, 163), (131, 147), (131, 139), (131, 129), (131, 135), (3, 35), (3, 19), (3, 11), (3, 131), (3, 7), (133, 197), (133, 165), (133, 149), (133, 141), (133, 135), (133, 132), (5, 37), (5, 21), (5, 13), (5, 69), (5, 4), (135, 167), (135, 151), (135, 143), (7, 39), (7, 23), (7, 15), (7, 5), (137, 9), (137, 169), (137, 129), (137, 139), (137, 136), (9, 41), (9, 13), (9, 73), (9, 1), (9, 11), (9, 8), (139, 155), (139, 138), (11, 15), (11, 139), (11, 27), (11, 10), (141, 13), (141, 173), (141, 157), (141, 143), (141, 140), (13, 45), (13, 29), (13, 77), (13, 15), (13, 12), (143, 159), (143, 142), (15, 31), (15, 143), (15, 14), (145, 177), (145, 144), (17, 49), (17, 81), (17, 19), (17, 16), (147, 179), (147, 145), (147, 151), (19, 51), (19, 147), (19, 23), (149, 213), (149, 181), (149, 157), (149, 151), (149, 148), (21, 53), (21, 29), (21, 85), (21, 20), (151, 183), (151, 159), (23, 55), (23, 31), (23, 21), (153, 25), (153, 185), (153, 145), (153, 155), (153, 152), (25, 57), (25, 29), (25, 89), (25, 17), (25, 27), (25, 24), (155, 219), (155, 154), (27, 31), (27, 155), (27, 26), (157, 29), (157, 189), (157, 159), (157, 156), (29, 61), (29, 93), (29, 31), (29, 28), (159, 158), (31, 159), (31, 30), (193, 65), (193, 201), (193, 209), (193, 197), (65, 73), (65, 81), (65, 69), (65, 67), (195, 67), (195, 227), (195, 211), (195, 193), (195, 131), (67, 99), (67, 83), (67, 3), (197, 133), (197, 213), (197, 199), (69, 85), (199, 231), (199, 215), (199, 207), (199, 135), (71, 103), (71, 87), (71, 79), (71, 69), (71, 7), (201, 73), (201, 233), (201, 217), (201, 193), (201, 205), (201, 203), (73, 105), (73, 89), (73, 77), (73, 65), (73, 75), (203, 139), (203, 235), (203, 219), (75, 107), (75, 79), (75, 203), (75, 11), (75, 91), (205, 77), (205, 237), (205, 141), (205, 221), (205, 197), (205, 207), (77, 109), (77, 93), (77, 69), (77, 79), (207, 143), (207, 239), (79, 111), (209, 81), (209, 217), (209, 213), (81, 89), (81, 85), (81, 83), (211, 83), (211, 243), (211, 147), (211, 209), (83, 115), (83, 19), (213, 221), (213, 149), (213, 215), (85, 93), (215, 247), (215, 223), (215, 151), (87, 119), (87, 95), (87, 23), (87, 85), (217, 89), (217, 249), (217, 209), (217, 221), (217, 219), (89, 121), (89, 93), (89, 81), (89, 91), (219, 155), (219, 251), (91, 123), (91, 95), (91, 219), (91, 27), (221, 93), (221, 253), (221, 157), (221, 223), (93, 125), (93, 95), (223, 159), (223, 255), (95, 127), (95, 31), (32, 160), (32, 0), (32, 33), (32, 48), (32, 96), (32, 34), (160, 128), (160, 168), (160, 161), (160, 224), (160, 176), (160, 162), (34, 98), (34, 38), (34, 42), (162, 226), (162, 170), (162, 166), (36, 164), (36, 4), (36, 32), (36, 37), (36, 52), (36, 100), (36, 38), (164, 132), (164, 172), (164, 165), (164, 180), (164, 160), (164, 228), (164, 166), (38, 166), (166, 230), (40, 8), (40, 41), (40, 56), (40, 104), (40, 42), (168, 136), (168, 172), (168, 170), (168, 169), (168, 232), (168, 184), (42, 10), (42, 34), (42, 106), (42, 46), (170, 138), (170, 174), (170, 162), (170, 168), (170, 234), (44, 172), (44, 12), (44, 45), (44, 60), (44, 108), (172, 140), (172, 173), (172, 188), (172, 236), (46, 174), (46, 14), (46, 38), (46, 44), (46, 110), (174, 142), (174, 172), (174, 238), (48, 176), (48, 16), (48, 49), (48, 112), (48, 50), (176, 144), (176, 184), (176, 177), (176, 240), (176, 178), (50, 51), (50, 34), (50, 54), (178, 242), (178, 182), (178, 179), (178, 162), (52, 180), (52, 20), (52, 48), (52, 53), (52, 116), (52, 60), (52, 54), (180, 148), (180, 188), (180, 181), (180, 176), (180, 244), (180, 182), (54, 182), (54, 55), (54, 118), (54, 38), (182, 246), (182, 183), (56, 24), (56, 120), (56, 58), (184, 152), (184, 188), (184, 186), (184, 248), (58, 26), (58, 50), (58, 42), (58, 62), (58, 122), (186, 154), (186, 190), (186, 250), (186, 170), (186, 184), (60, 188), (60, 28), (60, 52), (60, 124), (188, 156), (188, 252), (188, 180), (62, 190), (62, 30), (62, 54), (62, 126), (62, 46), (62, 60), (190, 158), (190, 254), (190, 188), (96, 64), (96, 97), (96, 112), (96, 98), (224, 192), (224, 232), (224, 228), (224, 225), (224, 240), (224, 226), (98, 99), (98, 114), (226, 227), (100, 68), (100, 116), (100, 101), (100, 108), (100, 102), (228, 196), (228, 244), (228, 236), (228, 229), (228, 230), (102, 230), (102, 118), (102, 98), (102, 103), (102, 110), (230, 246), (230, 238), (230, 231), (104, 232), (104, 120), (104, 106), (232, 248), (232, 236), (232, 234), (232, 104), (106, 234), (106, 98), (106, 110), (106, 122), (234, 238), (234, 232), (108, 236), (108, 124), (108, 100), (236, 252), (236, 228), (110, 238), (110, 108), (110, 126), (238, 254), (238, 236), (112, 80), (112, 114), (240, 208), (240, 244), (240, 242), (114, 115), (114, 122), (242, 250), (242, 243), (242, 178), (116, 84), (116, 118), (244, 212), (244, 252), (244, 246), (118, 246), (118, 114), (118, 119), (118, 102), (118, 126), (246, 254), (246, 247), (246, 182), (120, 248), (120, 112), (120, 122), (248, 252), (248, 250), (248, 120), (248, 240), (122, 250), (122, 126), (250, 254), (250, 248), (124, 252), (126, 254), (126, 118), (126, 124), (254, 252), (161, 225), (161, 169), (161, 129), (161, 177), (161, 163), (33, 97), (33, 41), (33, 161), (33, 1), (33, 49), (33, 35), (163, 171), (35, 43), (35, 163), (35, 99), (165, 229), (165, 173), (165, 133), (165, 181), (165, 161), (165, 167), (37, 101), (37, 45), (37, 39), (37, 165), (37, 5), (37, 53), (37, 33), (167, 163), (39, 167), (39, 37), (39, 35), (169, 41), (169, 233), (169, 185), (169, 173), (169, 171), (41, 105), (41, 57), (41, 45), (41, 43), (171, 235), (171, 163), (171, 175), (171, 170), (43, 171), (43, 107), (43, 35), (43, 47), (43, 42), (173, 45), (173, 189), (173, 237), (45, 109), (45, 61), (175, 47), (175, 239), (175, 173), (175, 174), (47, 175), (47, 45), (47, 111), (47, 46), (177, 241), (177, 185), (177, 145), (177, 179), (49, 113), (49, 57), (49, 177), (49, 17), (49, 51), (179, 243), (179, 163), (51, 179), (51, 35), (181, 245), (181, 189), (181, 149), (181, 177), (181, 183), (53, 117), (53, 61), (53, 55), (53, 181), (53, 21), (53, 49), (183, 247), (183, 179), (55, 183), (55, 119), (55, 39), (55, 53), (55, 51), (185, 57), (185, 249), (185, 189), (185, 187), (185, 184), (57, 121), (57, 61), (57, 59), (57, 56), (187, 251), (187, 171), (187, 191), (187, 186), (59, 187), (59, 43), (59, 63), (59, 123), (59, 58), (189, 61), (189, 253), (189, 181), (189, 188), (61, 125), (61, 53), (61, 60), (191, 63), (191, 255), (191, 189), (191, 190), (63, 191), (63, 127), (63, 47), (63, 61), (63, 62), (225, 97), (225, 233), (225, 193), (225, 241), (225, 227), (97, 105), (97, 65), (97, 99), (227, 99), (99, 115), (229, 245), (229, 237), (229, 197), (229, 225), (229, 231), (101, 109), (101, 103), (101, 229), (101, 69), (101, 97), (231, 247), (231, 239), (103, 119), (103, 111), (103, 231), (103, 101), (233, 105), (233, 249), (233, 201), (233, 235), (105, 73), (105, 107), (235, 239), (107, 235), (107, 111), (107, 123), (237, 109), (237, 253), (237, 205), (237, 229), (109, 77), (109, 101), (239, 255), (239, 237), (111, 239), (111, 109), (111, 127), (241, 113), (241, 209), (241, 243), (113, 97), (113, 81), (113, 115), (243, 115), (243, 251), (115, 123), (245, 253), (245, 213), (245, 241), (245, 247), (117, 125), (117, 119), (117, 245), (117, 85), (117, 113), (247, 255), (119, 127), (119, 247), (119, 103), (119, 117), (249, 121), (249, 217), (249, 241), (249, 251), (121, 89), (121, 113), (121, 123), (251, 255), (251, 250), (123, 251), (123, 127), (123, 122), (253, 125), (253, 221), (125, 93), (255, 253), (255, 254), (127, 255), (127, 125), (127, 126)]
