----------- GRAPH -----------
Number of Preferences: 372
Number of Outcomes: 256
Number of Edges: 1786
----------- STATS -----------
Algorithm used: Algorithm.MFAS
Runtime: 41.72831749916077seconds
Number of Iterations: 15
Number of Rows in Final Cycle Matrix: 3900
History of Number of Rows in the Cycle Matrix: [934, 1301, 1647, 1954, 2212, 2504, 2675, 2808, 3156, 3298, 3434, 3676, 3819, 3868, 3900]
Number of Constraints in Final Iteration: 3900
History of Constraint Nums: [934, 1301, 1647, 1954, 2212, 2504, 2675, 2808, 3156, 3298, 3434, 3676, 3819, 3868, 3900]
Number of Edges Removed: 762
Feedback Edge Set: [(128, 136), (128, 132), (0, 8), (0, 128), (0, 4), (132, 4), (132, 196), (132, 134), (4, 68), (4, 6), (136, 8), (136, 137), (136, 140), (136, 138), (8, 12), (140, 156), (140, 204), (140, 141), (12, 28), (12, 4), (12, 140), (12, 76), (12, 14), (129, 137), (129, 133), (129, 131), (129, 128), (1, 9), (1, 129), (1, 17), (1, 5), (1, 3), (1, 0), (133, 5), (133, 197), (133, 135), (133, 132), (5, 69), (137, 9), (137, 141), (137, 139), (9, 13), (141, 205), (13, 45), (13, 5), (13, 141), (13, 77), (13, 15), (130, 134), (130, 138), (2, 130), (2, 6), (2, 10), (134, 6), (134, 142), (134, 198), (138, 142), (10, 138), (142, 140), (142, 206), (14, 46), (14, 10), (14, 142), (14, 78), (14, 6), (3, 7), (131, 130), (131, 135), (131, 147), (131, 139), (7, 5), (7, 6), (7, 71), (11, 3), (11, 9), (11, 15), (11, 10), (139, 143), (139, 138), (15, 79), (15, 7), (143, 175), (143, 159), (143, 141), (143, 142), (143, 207), (143, 135), (144, 16), (144, 128), (16, 18), (148, 180), (148, 144), (148, 132), (20, 52), (20, 16), (20, 148), (20, 84), (20, 4), (20, 22), (20, 28), (152, 24), (152, 136), (152, 144), (152, 156), (24, 8), (24, 16), (24, 28), (24, 26), (156, 28), (156, 158), (28, 92), (17, 25), (17, 19), (17, 16), (145, 153), (145, 149), (145, 147), (145, 144), (21, 53), (21, 17), (21, 85), (21, 5), (21, 23), (21, 29), (149, 181), (149, 213), (149, 133), (25, 9), (25, 29), (25, 24), (153, 137), (153, 157), (153, 152), (29, 93), (29, 31), (157, 156), (157, 159), (18, 22), (18, 2), (18, 26), (146, 144), (146, 130), (22, 6), (22, 23), (150, 182), (150, 134), (150, 158), (150, 146), (150, 148), (150, 151), (26, 27), (26, 10), (26, 30), (154, 146), (154, 152), (154, 155), (154, 138), (154, 158), (30, 28), (30, 94), (30, 22), (158, 190), (19, 3), (19, 23), (147, 146), (147, 155), (23, 31), (23, 87), (23, 7), (151, 183), (151, 159), (151, 147), (151, 149), (151, 215), (151, 135), (27, 19), (27, 11), (27, 31), (155, 153), (155, 139), (155, 159), (31, 95), (31, 15), (159, 158), (160, 162), (32, 36), (32, 160), (164, 36), (164, 132), (36, 38), (36, 100), (36, 4), (36, 37), (168, 160), (168, 169), (40, 42), (40, 32), (40, 44), (40, 41), (40, 168), (172, 140), (172, 164), (44, 60), (44, 46), (44, 108), (44, 12), (44, 172), (161, 160), (33, 37), (33, 32), (33, 161), (165, 229), (165, 133), (37, 39), (37, 101), (37, 5), (37, 165), (169, 41), (169, 171), (169, 161), (41, 43), (41, 33), (41, 45), (173, 45), (173, 172), (173, 237), (173, 141), (173, 165), (45, 47), (45, 109), (34, 162), (34, 50), (34, 38), (34, 32), (34, 42), (34, 35), (38, 102), (38, 6), (38, 54), (38, 39), (166, 38), (166, 134), (166, 164), (166, 182), (42, 46), (170, 162), (170, 171), (170, 42), (170, 168), (46, 174), (46, 110), (174, 142), (174, 166), (163, 35), (163, 162), (35, 39), (167, 39), (167, 183), (167, 175), (167, 166), (167, 231), (167, 135), (39, 103), (39, 7), (171, 43), (171, 163), (43, 35), (43, 47), (175, 47), (175, 191), (175, 239), (175, 174), (47, 63), (47, 111), (47, 15), (47, 46), (48, 56), (48, 52), (176, 48), (52, 54), (52, 116), (52, 53), (180, 182), (180, 52), (180, 164), (180, 181), (56, 40), (56, 60), (56, 57), (184, 186), (184, 56), (184, 176), (184, 168), (184, 185), (60, 188), (60, 124), (60, 28), (188, 190), (188, 156), (188, 172), (188, 180), (177, 161), (177, 185), (177, 176), (49, 33), (49, 57), (49, 53), (49, 48), (49, 177), (181, 245), (181, 165), (53, 117), (53, 181), (185, 57), (185, 169), (57, 59), (57, 41), (57, 61), (189, 188), (189, 157), (189, 181), (61, 125), (61, 29), (61, 189), (178, 176), (178, 162), (178, 179), (50, 54), (50, 48), (50, 178), (50, 58), (182, 54), (182, 246), (54, 118), (54, 22), (186, 178), (186, 187), (58, 59), (58, 42), (58, 62), (58, 56), (58, 186), (190, 254), (190, 182), (62, 63), (62, 126), (62, 30), (62, 60), (62, 190), (179, 163), (51, 35), (51, 50), (51, 55), (51, 179), (51, 59), (183, 55), (183, 182), (183, 247), (55, 54), (55, 119), (55, 23), (55, 53), (187, 59), (187, 179), (187, 171), (187, 185), (59, 43), (59, 63), (191, 63), (191, 159), (191, 183), (191, 190), (63, 31), (63, 61), (64, 192), (64, 66), (64, 65), (64, 96), (64, 68), (192, 208), (192, 224), (68, 76), (68, 100), (196, 204), (196, 68), (196, 197), (72, 200), (72, 104), (72, 64), (72, 76), (200, 216), (200, 202), (200, 232), (200, 192), (76, 92), (76, 108), (204, 205), (204, 76), (193, 209), (193, 195), (193, 225), (65, 97), (65, 69), (65, 193), (69, 77), (69, 68), (69, 101), (69, 197), (201, 217), (201, 203), (201, 233), (201, 193), (201, 200), (73, 75), (73, 105), (73, 65), (73, 77), (73, 201), (205, 197), (77, 109), (77, 76), (77, 205), (77, 93), (66, 98), (66, 70), (66, 67), (194, 66), (194, 210), (194, 192), (194, 195), (70, 6), (70, 102), (70, 78), (70, 71), (198, 196), (198, 70), (198, 199), (74, 202), (74, 106), (74, 90), (74, 66), (74, 78), (74, 75), (202, 234), (202, 194), (202, 203), (78, 76), (78, 94), (206, 198), (206, 204), (206, 78), (206, 222), (206, 207), (195, 203), (195, 227), (67, 99), (67, 71), (67, 65), (67, 195), (199, 71), (199, 135), (199, 197), (199, 231), (199, 207), (71, 87), (71, 103), (71, 79), (75, 107), (75, 67), (75, 79), (75, 203), (207, 205), (207, 239), (79, 77), (79, 207), (79, 95), (208, 210), (80, 88), (80, 82), (80, 81), (80, 112), (80, 64), (80, 84), (80, 208), (212, 148), (212, 244), (212, 196), (84, 92), (84, 116), (84, 212), (84, 68), (216, 218), (216, 217), (216, 248), (216, 208), (88, 120), (88, 92), (88, 216), (88, 72), (220, 92), (220, 156), (220, 252), (220, 204), (220, 212), (220, 222), (92, 93), (92, 124), (81, 209), (81, 89), (81, 65), (81, 85), (209, 211), (209, 241), (85, 93), (85, 84), (85, 117), (213, 221), (213, 212), (213, 85), (213, 245), (213, 197), (213, 215), (89, 217), (89, 121), (89, 93), (89, 88), (217, 219), (217, 249), (217, 209), (93, 125), (93, 95), (221, 157), (221, 205), (221, 93), (221, 253), (210, 82), (210, 218), (214, 86), (214, 150), (214, 212), (214, 246), (214, 198), (214, 222), (86, 22), (86, 82), (86, 118), (86, 94), (86, 87), (218, 250), (218, 219), (90, 122), (90, 82), (90, 94), (90, 218), (222, 94), (222, 158), (222, 254), (94, 92), (94, 126), (211, 195), (211, 219), (211, 210), (211, 243), (83, 67), (83, 82), (83, 115), (83, 87), (83, 81), (83, 211), (215, 87), (215, 247), (215, 199), (215, 223), (219, 251), (219, 203), (91, 123), (91, 83), (91, 95), (91, 219), (91, 75), (223, 95), (223, 159), (223, 207), (223, 221), (223, 222), (223, 255), (95, 87), (224, 96), (224, 240), (224, 232), (224, 225), (228, 100), (228, 164), (228, 196), (228, 244), (228, 224), (228, 230), (228, 229), (100, 108), (232, 248), (104, 120), (104, 232), (104, 96), (236, 108), (236, 172), (236, 204), (236, 252), (236, 228), (236, 232), (236, 238), (236, 237), (97, 105), (97, 99), (97, 96), (225, 227), (225, 229), (101, 109), (101, 100), (229, 197), (229, 245), (105, 107), (233, 235), (233, 225), (233, 237), (237, 205), (237, 229), (226, 98), (226, 194), (226, 227), (226, 234), (226, 224), (98, 99), (230, 102), (230, 166), (230, 198), (230, 246), (230, 226), (230, 231), (230, 238), (102, 118), (234, 106), (234, 235), (234, 250), (234, 238), (234, 232), (106, 98), (106, 122), (238, 174), (238, 206), (238, 239), (238, 254), (110, 78), (110, 102), (110, 111), (110, 238), (110, 126), (227, 99), (227, 231), (227, 235), (231, 229), (231, 239), (103, 119), (103, 102), (103, 231), (103, 111), (103, 101), (235, 107), (235, 203), (235, 251), (235, 239), (107, 123), (107, 99), (239, 237), (111, 79), (111, 239), (111, 109), (240, 208), (240, 248), (240, 244), (240, 241), (112, 120), (112, 114), (112, 240), (112, 113), (112, 96), (244, 116), (244, 180), (244, 246), (244, 245), (244, 252), (116, 118), (116, 117), (116, 100), (248, 120), (248, 250), (252, 124), (252, 188), (252, 248), (252, 254), (252, 253), (124, 116), (241, 249), (241, 225), (241, 245), (113, 81), (113, 121), (113, 241), (113, 97), (245, 117), (117, 101), (249, 251), (121, 123), (121, 249), (121, 120), (253, 125), (253, 189), (253, 237), (253, 245), (253, 249), (253, 255), (125, 109), (125, 117), (114, 82), (114, 98), (114, 122), (242, 210), (242, 246), (242, 240), (242, 250), (118, 119), (246, 247), (250, 251), (250, 254), (126, 118), (254, 246), (243, 227), (243, 242), (243, 247), (243, 251), (243, 241), (115, 99), (115, 114), (115, 243), (115, 123), (247, 231), (247, 245), (119, 87), (119, 247), (251, 123), (123, 122), (255, 127), (255, 191), (255, 239), (255, 247), (255, 251), (255, 254), (127, 63), (127, 95), (127, 111), (127, 119), (127, 125), (127, 126)]
----------- STATS -----------
Algorithm used: Algorithm.EDGES
Runtime: 9.888948202133179seconds
Number of Iterations: 1
Number of Rows in Final Cycle Matrix: 934
History of Number of Rows in the Cycle Matrix: [934]
Number of Constraints in Final Iteration: 11936
History of Constraint Nums: [11936]
Number of Prefs Removed (size of minFBPS): 189
Minimum Feedback Pref Set: [0, 1, 2, 4, 8, 9, 11, 13, 14, 15, 17, 19, 20, 22, 23, 24, 26, 27, 28, 29, 31, 33, 35, 44, 54, 55, 70, 73, 74, 78, 79, 80, 82, 91, 95, 103, 107, 110, 112, 119, 120, 121, 128, 129, 133, 134, 135, 136, 137, 138, 140, 141, 144, 145, 146, 147, 148, 149, 150, 151, 152, 153, 154, 155, 156, 157, 158, 159, 160, 161, 163, 164, 165, 169, 173, 174, 175, 176, 178, 181, 183, 185, 186, 187, 188, 190, 194, 196, 200, 201, 204, 205, 207, 209, 210, 212, 213, 215, 219, 220, 224, 225, 228, 229, 231, 235, 236, 239, 240, 241, 244, 245, 248, 251, 254, 255, 260, 261, 262, 263, 264, 267, 271, 272, 275, 276, 277, 279, 280, 281, 282, 283, 284, 285, 286, 289, 290, 292, 294, 297, 298, 299, 301, 302, 304, 307, 309, 311, 313, 314, 315, 316, 319, 323, 325, 326, 327, 329, 330, 333, 335, 336, 337, 338, 339, 340, 341, 342, 343, 345, 346, 348, 349, 350, 351, 355, 356, 357, 358, 360, 361, 362, 363, 364, 365, 367, 369, 370, 371]
Number of Edges Removed: 762
Feedback Edge Set: [(128, 0), (128, 136), (128, 129), (128, 132), (0, 8), (0, 1), (0, 4), (132, 4), (132, 164), (132, 134), (4, 36), (4, 12), (4, 6), (136, 8), (136, 140), (136, 138), (8, 12), (140, 12), (140, 172), (140, 142), (140, 141), (12, 44), (12, 14), (129, 1), (129, 137), (129, 133), (129, 131), (1, 9), (1, 17), (1, 5), (1, 3), (133, 5), (133, 165), (133, 135), (133, 132), (5, 37), (5, 7), (5, 13), (137, 9), (137, 141), (137, 139), (137, 136), (9, 13), (9, 11), (141, 13), (141, 173), (141, 143), (13, 45), (13, 15), (130, 2), (130, 134), (130, 138), (130, 131), (2, 6), (2, 10), (134, 6), (134, 166), (134, 142), (6, 38), (6, 14), (6, 7), (138, 10), (138, 142), (10, 14), (142, 14), (142, 174), (142, 143), (14, 46), (3, 19), (3, 7), (3, 11), (131, 135), (131, 147), (131, 139), (7, 39), (7, 15), (135, 167), (135, 143), (11, 15), (11, 10), (139, 143), (139, 138), (15, 47), (143, 175), (144, 16), (144, 152), (144, 145), (144, 128), (144, 148), (144, 146), (16, 24), (16, 17), (16, 20), (16, 18), (148, 20), (148, 180), (148, 132), (148, 150), (20, 52), (20, 4), (20, 22), (20, 28), (152, 24), (152, 136), (152, 156), (152, 154), (24, 8), (24, 28), (24, 26), (156, 28), (156, 188), (156, 140), (156, 158), (156, 157), (28, 60), (28, 12), (28, 30), (17, 25), (17, 21), (17, 19), (145, 153), (145, 149), (145, 147), (21, 53), (21, 5), (21, 23), (21, 29), (149, 181), (149, 133), (149, 151), (25, 9), (25, 29), (25, 24), (153, 137), (153, 157), (153, 152), (153, 155), (29, 61), (29, 31), (157, 189), (157, 159), (18, 22), (18, 2), (18, 26), (146, 130), (146, 150), (146, 154), (146, 147), (22, 54), (22, 6), (22, 30), (22, 23), (150, 182), (150, 134), (150, 158), (150, 151), (26, 10), (26, 30), (154, 138), (154, 158), (30, 62), (158, 190), (158, 159), (19, 23), (19, 27), (147, 151), (147, 155), (23, 55), (23, 31), (23, 7), (151, 183), (151, 159), (151, 135), (27, 11), (27, 31), (27, 26), (155, 139), (155, 159), (155, 154), (31, 63), (31, 15), (159, 191), (159, 143), (160, 32), (160, 168), (160, 161), (32, 40), (32, 33), (32, 36), (164, 36), (36, 37), (168, 40), (40, 44), (172, 44), (172, 164), (172, 173), (161, 33), (161, 169), (161, 177), (33, 41), (33, 49), (33, 37), (165, 37), (169, 41), (169, 168), (41, 40), (41, 45), (173, 45), (173, 165), (34, 38), (34, 32), (34, 42), (34, 35), (162, 34), (162, 160), (162, 170), (162, 163), (38, 36), (38, 39), (166, 38), (166, 164), (166, 167), (42, 46), (42, 40), (170, 42), (170, 168), (46, 47), (46, 44), (174, 175), (174, 46), (174, 166), (163, 35), (163, 179), (163, 171), (35, 51), (35, 39), (35, 43), (167, 39), (39, 37), (171, 43), (171, 169), (171, 170), (43, 47), (43, 41), (175, 47), (175, 167), (47, 45), (48, 56), (48, 49), (48, 52), (176, 184), (176, 177), (176, 48), (52, 53), (180, 52), (180, 164), (180, 181), (56, 40), (56, 60), (184, 56), (184, 168), (60, 44), (188, 60), (188, 172), (188, 180), (188, 189), (177, 49), (177, 185), (49, 57), (49, 53), (181, 53), (181, 165), (185, 57), (185, 184), (185, 169), (57, 56), (57, 41), (57, 61), (189, 61), (189, 181), (178, 50), (178, 176), (178, 162), (178, 186), (178, 179), (50, 54), (50, 48), (50, 34), (50, 58), (50, 51), (182, 54), (182, 166), (182, 180), (182, 183), (54, 38), (54, 52), (54, 55), (186, 58), (186, 184), (58, 42), (58, 62), (58, 56), (190, 62), (190, 191), (190, 182), (190, 188), (62, 63), (62, 60), (179, 51), (179, 187), (51, 55), (51, 59), (183, 55), (183, 167), (55, 53), (187, 59), (187, 186), (187, 171), (187, 185), (59, 43), (59, 63), (59, 58), (59, 57), (191, 63), (191, 175), (191, 183), (63, 47), (63, 61), (64, 80), (64, 72), (64, 66), (64, 96), (64, 68), (192, 208), (192, 200), (192, 194), (192, 64), (192, 224), (68, 4), (68, 76), (68, 100), (68, 69), (196, 132), (196, 204), (196, 68), (196, 228), (196, 197), (196, 198), (72, 104), (72, 76), (200, 202), (200, 72), (200, 232), (76, 12), (76, 108), (76, 78), (204, 140), (204, 76), (204, 236), (204, 206), (193, 65), (193, 209), (193, 201), (193, 195), (193, 225), (65, 81), (65, 73), (65, 67), (65, 97), (65, 69), (65, 64), (197, 69), (197, 133), (197, 205), (197, 229), (197, 199), (69, 5), (69, 77), (69, 101), (201, 73), (201, 203), (201, 233), (201, 200), (73, 105), (73, 77), (205, 77), (205, 141), (205, 237), (205, 204), (205, 221), (205, 207), (77, 13), (77, 109), (77, 76), (77, 93), (77, 79), (66, 74), (66, 98), (66, 70), (194, 202), (194, 66), (194, 226), (194, 210), (70, 6), (70, 102), (70, 78), (70, 71), (198, 134), (198, 70), (198, 230), (198, 199), (198, 206), (74, 106), (74, 90), (74, 78), (74, 75), (202, 74), (202, 234), (202, 203), (78, 14), (78, 110), (78, 94), (206, 142), (206, 78), (206, 238), (206, 222), (206, 207), (195, 67), (195, 203), (195, 194), (195, 227), (195, 211), (67, 75), (67, 66), (67, 99), (67, 71), (67, 83), (199, 71), (199, 135), (199, 231), (199, 207), (71, 7), (71, 103), (71, 79), (203, 75), (203, 235), (75, 107), (75, 79), (75, 73), (207, 79), (207, 143), (207, 239), (207, 223), (79, 15), (79, 111), (79, 95), (208, 80), (208, 216), (208, 210), (208, 240), (80, 88), (80, 82), (80, 112), (80, 84), (212, 84), (212, 148), (212, 220), (212, 244), (212, 196), (212, 214), (212, 213), (84, 20), (84, 92), (84, 116), (84, 68), (84, 85), (216, 88), (216, 218), (216, 248), (216, 200), (88, 120), (88, 92), (88, 72), (220, 92), (220, 156), (220, 252), (220, 204), (220, 222), (92, 28), (92, 124), (92, 76), (92, 94), (81, 89), (81, 83), (81, 113), (81, 85), (81, 80), (209, 217), (209, 211), (209, 81), (209, 241), (85, 21), (85, 93), (85, 117), (213, 149), (213, 221), (213, 85), (213, 245), (213, 197), (213, 215), (89, 121), (89, 93), (89, 88), (217, 219), (217, 89), (217, 249), (217, 201), (217, 216), (93, 29), (93, 125), (93, 95), (93, 92), (221, 157), (221, 93), (221, 253), (221, 223), (210, 82), (210, 218), (210, 242), (82, 90), (82, 114), (82, 86), (214, 86), (214, 150), (214, 246), (214, 198), (214, 222), (86, 22), (86, 118), (86, 94), (86, 87), (218, 90), (218, 250), (218, 219), (90, 122), (90, 94), (222, 94), (222, 158), (222, 254), (222, 223), (94, 30), (94, 126), (211, 83), (211, 219), (211, 210), (211, 243), (83, 91), (83, 82), (83, 115), (83, 87), (215, 87), (215, 151), (215, 247), (215, 199), (215, 223), (87, 23), (87, 119), (87, 71), (87, 95), (219, 91), (219, 251), (219, 203), (91, 123), (91, 95), (91, 75), (223, 95), (223, 159), (223, 255), (95, 31), (95, 127), (224, 96), (224, 240), (224, 232), (224, 228), (96, 112), (96, 104), (228, 100), (228, 164), (228, 229), (228, 236), (100, 36), (100, 101), (100, 108), (232, 104), (232, 236), (236, 108), (236, 172), (236, 237), (108, 44), (97, 113), (97, 105), (97, 96), (225, 241), (225, 233), (225, 224), (225, 229), (101, 37), (101, 109), (229, 165), (229, 237), (233, 237), (109, 45), (109, 125), (237, 173), (237, 253), (226, 98), (226, 230), (226, 234), (226, 224), (98, 114), (98, 106), (230, 102), (230, 166), (230, 231), (230, 238), (230, 228), (102, 38), (102, 110), (102, 103), (234, 106), (234, 250), (234, 238), (234, 232), (106, 122), (238, 110), (238, 174), (238, 254), (238, 236), (110, 46), (110, 126), (227, 99), (227, 226), (227, 231), (227, 225), (227, 243), (227, 235), (99, 98), (99, 115), (99, 97), (99, 107), (231, 103), (231, 167), (231, 229), (231, 239), (103, 39), (103, 111), (103, 101), (235, 107), (235, 239), (235, 233), (235, 234), (107, 105), (239, 111), (239, 175), (239, 237), (239, 238), (239, 255), (111, 47), (111, 127), (111, 109), (111, 110), (240, 112), (240, 248), (240, 244), (112, 120), (244, 116), (244, 180), (244, 245), (244, 228), (244, 252), (116, 52), (116, 117), (116, 100), (116, 124), (248, 120), (248, 252), (248, 232), (120, 104), (252, 124), (252, 188), (252, 236), (252, 253), (124, 60), (241, 113), (241, 249), (241, 240), (241, 245), (113, 121), (113, 112), (245, 117), (245, 181), (245, 229), (245, 253), (117, 53), (117, 101), (117, 125), (249, 121), (249, 253), (121, 120), (253, 125), (253, 189), (125, 61), (114, 112), (114, 122), (242, 246), (242, 240), (242, 250), (118, 54), (118, 102), (118, 126), (118, 116), (118, 119), (246, 182), (246, 230), (246, 244), (246, 254), (246, 247), (250, 254), (250, 248), (126, 62), (254, 190), (254, 252), (243, 115), (243, 242), (243, 247), (243, 251), (243, 241), (115, 114), (115, 123), (247, 119), (247, 183), (247, 231), (247, 255), (247, 245), (119, 55), (119, 103), (119, 127), (251, 123), (251, 255), (251, 249), (251, 235), (251, 250), (123, 121), (123, 122), (123, 107), (255, 127), (255, 191), (255, 253), (255, 254), (127, 63), (127, 125), (127, 126)]
----------- STATS -----------
Algorithm used: Algorithm.PREFS
Runtime: 9.490977048873901seconds
Number of Iterations: 2
Number of Rows in Final Cycle Matrix: 993
History of Number of Rows in the Cycle Matrix: [934, 993]
Number of Constraints in Final Iteration: 4065
History of Constraint Nums: [4006, 4065]
Number of Prefs Removed (size of minFBPS): 139
Minimum Feedback Pref Set: [10, 12, 16, 18, 21, 25, 30, 33, 35, 39, 41, 44, 46, 47, 48, 49, 50, 53, 54, 55, 64, 66, 70, 73, 75, 78, 79, 81, 83, 86, 87, 88, 91, 92, 104, 107, 110, 112, 116, 117, 119, 120, 121, 126, 127, 130, 133, 135, 146, 147, 149, 150, 151, 155, 156, 158, 159, 160, 163, 167, 168, 169, 171, 172, 173, 182, 184, 189, 190, 194, 196, 201, 207, 209, 210, 213, 214, 215, 218, 219, 220, 228, 230, 231, 234, 235, 236, 239, 245, 246, 251, 253, 254, 262, 271, 272, 275, 276, 278, 279, 280, 281, 282, 283, 284, 285, 292, 299, 300, 308, 310, 313, 314, 315, 316, 324, 330, 333, 334, 336, 337, 338, 339, 340, 341, 342, 343, 345, 350, 351, 357, 358, 360, 361, 362, 363, 367, 369, 370]
Number of Edges Removed: 785
Feedback Edge Set: [(128, 136), (0, 8), (0, 128), (132, 164), (132, 128), (4, 36), (4, 0), (4, 132), (4, 12), (136, 152), (8, 24), (8, 136), (140, 172), (140, 156), (140, 136), (140, 141), (12, 44), (12, 28), (12, 8), (12, 140), (129, 137), (129, 128), (1, 9), (1, 129), (1, 0), (133, 165), (133, 129), (133, 132), (5, 37), (5, 1), (5, 133), (5, 13), (137, 153), (137, 136), (9, 25), (9, 137), (141, 173), (141, 137), (13, 45), (13, 9), (13, 141), (130, 128), (130, 138), (130, 131), (2, 0), (2, 130), (2, 10), (134, 166), (134, 142), (134, 130), (134, 132), (6, 38), (6, 14), (6, 2), (6, 4), (6, 134), (6, 7), (138, 154), (138, 136), (10, 26), (10, 8), (10, 138), (142, 174), (142, 138), (142, 140), (142, 143), (14, 46), (14, 10), (14, 12), (14, 142), (14, 6), (3, 1), (3, 11), (131, 129), (131, 139), (7, 39), (7, 15), (7, 3), (7, 5), (135, 167), (135, 143), (135, 131), (135, 133), (11, 27), (11, 9), (11, 10), (139, 155), (139, 137), (139, 138), (15, 47), (15, 31), (15, 11), (15, 13), (15, 7), (143, 175), (143, 159), (143, 139), (143, 141), (144, 152), (144, 128), (16, 24), (16, 144), (148, 180), (148, 144), (148, 132), (20, 52), (20, 16), (20, 148), (20, 4), (20, 28), (24, 152), (156, 188), (156, 152), (156, 157), (28, 60), (28, 24), (28, 156), (17, 1), (17, 25), (17, 16), (145, 129), (145, 153), (145, 144), (21, 53), (21, 17), (21, 5), (21, 29), (149, 181), (149, 145), (149, 133), (25, 24), (153, 152), (29, 61), (29, 25), (157, 189), (157, 153), (18, 16), (18, 2), (18, 26), (146, 144), (146, 130), (146, 154), (146, 147), (22, 54), (22, 6), (22, 30), (22, 18), (22, 20), (22, 23), (150, 182), (150, 134), (150, 158), (150, 146), (150, 148), (150, 151), (26, 24), (154, 152), (30, 62), (30, 26), (30, 28), (30, 22), (158, 190), (158, 154), (158, 156), (158, 159), (19, 3), (19, 17), (19, 27), (147, 131), (147, 145), (147, 155), (23, 55), (23, 31), (23, 19), (23, 21), (23, 7), (151, 183), (151, 159), (151, 147), (151, 149), (151, 135), (27, 25), (27, 26), (155, 153), (155, 154), (31, 63), (31, 27), (31, 29), (31, 23), (159, 191), (159, 155), (159, 157), (32, 160), (36, 32), (36, 37), (36, 164), (168, 184), (168, 160), (40, 56), (40, 32), (40, 168), (172, 188), (172, 164), (172, 173), (44, 60), (44, 40), (44, 172), (161, 160), (33, 32), (33, 161), (37, 33), (37, 165), (169, 185), (169, 168), (169, 161), (41, 57), (41, 40), (41, 33), (41, 169), (173, 165), (45, 41), (45, 173), (34, 162), (34, 32), (162, 160), (38, 166), (38, 34), (38, 36), (38, 39), (166, 164), (166, 167), (42, 170), (42, 58), (42, 34), (42, 40), (170, 186), (170, 162), (170, 168), (46, 174), (46, 42), (46, 47), (46, 44), (174, 175), (174, 166), (163, 162), (35, 34), (35, 163), (39, 35), (39, 167), (39, 37), (171, 187), (171, 163), (171, 169), (171, 170), (43, 59), (43, 35), (43, 171), (43, 41), (175, 191), (175, 167), (47, 63), (47, 43), (47, 175), (47, 45), (48, 176), (52, 180), (52, 48), (52, 53), (180, 164), (180, 181), (56, 184), (56, 48), (184, 176), (60, 188), (60, 56), (188, 180), (188, 189), (177, 161), (177, 176), (49, 33), (49, 48), (49, 177), (181, 165), (53, 49), (53, 181), (185, 184), (185, 177), (57, 56), (57, 49), (57, 185), (189, 181), (61, 57), (61, 189), (178, 176), (178, 162), (50, 48), (50, 178), (50, 34), (182, 166), (182, 180), (182, 183), (54, 38), (54, 50), (54, 52), (54, 55), (54, 182), (186, 178), (186, 184), (58, 50), (58, 56), (58, 186), (190, 191), (190, 182), (190, 188), (62, 58), (62, 63), (62, 60), (62, 190), (179, 163), (179, 178), (51, 35), (51, 50), (51, 179), (183, 167), (55, 51), (55, 183), (55, 53), (187, 179), (187, 186), (187, 185), (59, 51), (59, 58), (59, 187), (59, 57), (191, 183), (63, 59), (63, 191), (63, 61), (64, 192), (64, 80), (64, 72), (64, 66), (64, 96), (192, 208), (192, 200), (192, 194), (192, 224), (68, 196), (68, 4), (68, 64), (68, 100), (68, 69), (196, 132), (196, 228), (196, 197), (196, 198), (72, 200), (72, 104), (200, 232), (76, 204), (76, 12), (76, 92), (76, 72), (76, 77), (76, 108), (76, 68), (204, 140), (204, 220), (204, 205), (204, 236), (204, 196), (193, 209), (193, 201), (193, 195), (193, 225), (65, 81), (65, 73), (65, 67), (65, 97), (65, 193), (65, 64), (197, 133), (197, 229), (197, 199), (69, 5), (69, 65), (69, 101), (69, 197), (201, 203), (201, 233), (201, 200), (73, 105), (73, 201), (205, 141), (205, 237), (205, 197), (205, 221), (77, 13), (77, 73), (77, 109), (77, 69), (77, 205), (77, 93), (66, 194), (66, 74), (66, 98), (194, 202), (194, 226), (194, 210), (70, 198), (70, 6), (70, 66), (70, 102), (70, 71), (198, 134), (198, 230), (198, 199), (74, 202), (74, 106), (202, 234), (202, 200), (78, 206), (78, 14), (78, 70), (78, 74), (78, 76), (78, 110), (78, 94), (206, 142), (206, 198), (206, 204), (206, 238), (206, 222), (206, 207), (195, 203), (195, 194), (195, 227), (195, 211), (67, 75), (67, 66), (67, 99), (67, 195), (67, 83), (199, 135), (199, 231), (71, 7), (71, 67), (71, 103), (71, 199), (203, 202), (203, 235), (203, 201), (75, 74), (75, 107), (75, 73), (75, 203), (207, 143), (207, 199), (207, 205), (207, 239), (207, 223), (79, 15), (79, 71), (79, 75), (79, 77), (79, 111), (79, 207), (79, 95), (208, 216), (208, 210), (208, 240), (80, 88), (80, 82), (80, 112), (80, 208), (212, 148), (212, 244), (212, 196), (212, 214), (212, 213), (84, 20), (84, 80), (84, 116), (84, 212), (84, 68), (84, 85), (216, 248), (216, 200), (88, 120), (88, 216), (88, 72), (220, 156), (220, 221), (220, 252), (220, 212), (92, 28), (92, 88), (92, 93), (92, 124), (92, 84), (92, 220), (81, 209), (81, 89), (81, 83), (81, 113), (81, 80), (209, 217), (209, 211), (209, 241), (85, 213), (85, 21), (85, 81), (85, 117), (213, 149), (213, 245), (213, 197), (213, 215), (89, 217), (89, 121), (89, 88), (217, 249), (217, 201), (217, 216), (93, 221), (93, 29), (93, 89), (93, 125), (93, 85), (221, 157), (221, 253), (221, 213), (210, 218), (210, 242), (82, 90), (82, 114), (82, 210), (214, 150), (214, 246), (214, 198), (86, 22), (86, 82), (86, 118), (86, 214), (86, 87), (218, 202), (218, 250), (218, 216), (90, 74), (90, 122), (90, 218), (222, 158), (222, 214), (222, 220), (222, 254), (222, 223), (94, 30), (94, 86), (94, 90), (94, 92), (94, 126), (94, 222), (211, 219), (211, 210), (211, 243), (83, 91), (83, 82), (83, 115), (83, 211), (215, 151), (215, 247), (215, 199), (87, 23), (87, 83), (87, 119), (87, 215), (87, 71), (219, 218), (219, 251), (219, 203), (219, 217), (91, 90), (91, 123), (91, 219), (91, 75), (223, 159), (223, 215), (223, 221), (223, 255), (95, 31), (95, 87), (95, 91), (95, 93), (95, 127), (95, 223), (224, 240), (96, 112), (96, 224), (228, 164), (228, 224), (228, 229), (228, 236), (100, 36), (100, 101), (100, 228), (100, 108), (232, 224), (104, 232), (104, 96), (236, 172), (236, 252), (236, 232), (236, 237), (108, 44), (108, 124), (108, 236), (97, 225), (97, 113), (97, 96), (225, 241), (225, 224), (101, 229), (101, 37), (101, 109), (229, 165), (229, 225), (229, 237), (105, 233), (105, 97), (233, 225), (109, 237), (109, 45), (109, 125), (237, 173), (237, 233), (237, 253), (226, 224), (98, 226), (98, 114), (230, 166), (230, 226), (230, 231), (230, 238), (230, 228), (102, 38), (102, 230), (102, 110), (102, 103), (234, 226), (234, 232), (106, 98), (106, 234), (238, 174), (238, 234), (238, 239), (238, 254), (238, 236), (110, 46), (110, 111), (110, 238), (110, 126), (227, 226), (227, 225), (227, 243), (99, 98), (99, 227), (99, 115), (99, 97), (231, 167), (231, 227), (231, 229), (231, 239), (103, 39), (103, 231), (103, 111), (103, 101), (235, 227), (235, 233), (235, 234), (107, 99), (107, 235), (107, 105), (239, 175), (239, 235), (239, 237), (239, 255), (111, 47), (111, 239), (111, 127), (111, 109), (112, 240), (244, 180), (244, 240), (244, 245), (244, 228), (244, 252), (116, 52), (116, 117), (116, 244), (116, 100), (116, 124), (248, 240), (248, 232), (120, 248), (120, 112), (120, 104), (252, 188), (252, 248), (252, 253), (124, 60), (124, 252), (241, 240), (113, 112), (113, 241), (245, 181), (245, 241), (245, 229), (245, 253), (117, 53), (117, 245), (117, 101), (117, 125), (249, 241), (121, 249), (121, 113), (121, 120), (253, 189), (253, 249), (125, 61), (125, 253), (114, 242), (114, 112), (242, 240), (118, 246), (118, 54), (118, 102), (118, 126), (118, 116), (118, 119), (246, 182), (246, 242), (246, 230), (246, 244), (246, 254), (246, 247), (122, 250), (122, 106), (122, 114), (250, 234), (250, 242), (250, 248), (126, 254), (126, 62), (126, 127), (254, 190), (254, 250), (254, 255), (254, 252), (243, 242), (243, 241), (115, 114), (115, 243), (247, 183), (247, 243), (247, 231), (247, 255), (247, 245), (119, 55), (119, 247), (119, 103), (119, 127), (251, 243), (251, 249), (251, 235), (251, 250), (123, 115), (123, 251), (123, 121), (123, 122), (123, 107), (255, 191), (255, 251), (255, 253), (127, 63), (127, 255), (127, 125)]
