0 4 10000000000001000000
1 5 10000000100001000000
6 2 01000000010000100000
7 3 01000000001000100000
0 2 00100000000000000000
1 3 00100000000000000000
4 6 00100000000000000000
5 7 00100000000000000000
1 0 00010000000000001000
3 2 00001000000000000100
4 5 00000100000010000010
7 6 00000010000000000001
4 0 00000001000000000000
2 0 00000000000100010000
3 1 00000000000100010000
6 4 00000000000100010000
7 5 00000000000100010000
0 1 00000000000010000000
2 3 00000000000010000000
6 7 00000000000010000000
