----------- GRAPH -----------
Number of Preferences: 83
Number of Outcomes: 32
Number of Edges: 222
----------- STATS -----------
Algorithm used: Algorithm.MFAS
Runtime: 0.3147761821746826seconds
Number of Iterations: 4
Number of Rows in Final Cycle Matrix: 238
History of Number of Rows in the Cycle Matrix: [118, 165, 196, 238]
Number of Constraints in Final Iteration: 238
History of Constraint Nums: [118, 165, 196, 238]
Number of Edges Removed: 77
Feedback Edge Set: [(0, 1), (16, 1), (4, 12), (4, 14), (20, 4), (8, 0), (8, 2), (8, 12), (8, 10), (24, 16), (24, 18), (24, 28), (24, 8), (12, 6), (12, 14), (12, 13), (28, 20), (28, 22), (1, 3), (17, 25), (17, 21), (17, 19), (17, 16), (17, 20), (17, 1), (17, 5), (25, 24), (25, 9), (25, 13), (21, 23), (21, 20), (21, 5), (21, 1), (29, 31), (29, 28), (29, 13), (29, 9), (5, 13), (5, 1), (5, 7), (5, 4), (9, 13), (9, 8), (9, 1), (2, 3), (18, 23), (18, 19), (22, 18), (22, 6), (22, 23), (10, 0), (10, 2), (26, 16), (26, 18), (26, 30), (26, 10), (26, 24), (26, 27), (14, 6), (14, 10), (30, 20), (30, 22), (30, 14), (30, 28), (19, 23), (11, 10), (11, 9), (11, 3), (7, 6), (7, 23), (7, 3), (15, 14), (15, 13), (27, 3), (27, 25), (31, 7), (31, 30)]
----------- STATS -----------
Algorithm used: Algorithm.EDGES
Runtime: 0.4438912868499756seconds
Number of Iterations: 3
Number of Rows in Final Cycle Matrix: 168
History of Number of Rows in the Cycle Matrix: [118, 127, 168]
Number of Constraints in Final Iteration: 1356
History of Constraint Nums: [1306, 1315, 1356]
Number of Prefs Removed (size of minFBPS): 41
Minimum Feedback Pref Set: [3, 4, 7, 12, 16, 17, 26, 30, 31, 32, 33, 35, 36, 37, 40, 41, 45, 46, 47, 49, 50, 52, 53, 56, 57, 58, 60, 61, 62, 63, 65, 66, 67, 69, 71, 74, 76, 78, 79, 80, 81]
Number of Edges Removed: 89
Feedback Edge Set: [(0, 17), (16, 1), (4, 21), (20, 4), (20, 5), (8, 0), (8, 2), (24, 16), (24, 18), (24, 8), (12, 4), (12, 6), (12, 8), (28, 20), (28, 22), (28, 24), (1, 0), (17, 16), (17, 1), (17, 5), (25, 24), (25, 9), (25, 13), (25, 17), (21, 20), (21, 5), (21, 1), (21, 17), (29, 28), (29, 13), (29, 9), (5, 1), (5, 4), (5, 9), (9, 8), (9, 1), (13, 12), (13, 9), (13, 5), (13, 1), (22, 18), (22, 6), (10, 0), (10, 2), (10, 8), (26, 16), (26, 18), (26, 10), (26, 24), (14, 4), (14, 6), (14, 10), (14, 12), (30, 20), (30, 22), (30, 14), (30, 26), (30, 28), (19, 3), (19, 11), (19, 18), (19, 17), (19, 7), (3, 2), (3, 1), (11, 10), (11, 9), (11, 3), (23, 7), (23, 15), (23, 19), (23, 22), (23, 21), (23, 6), (23, 3), (7, 6), (7, 5), (7, 22), (7, 3), (15, 14), (15, 13), (27, 3), (27, 26), (27, 25), (27, 15), (31, 7), (31, 30), (31, 29), (31, 11)]
----------- STATS -----------
Algorithm used: Algorithm.PREFS
Runtime: 0.2337324619293213seconds
Number of Iterations: 3
Number of Rows in Final Cycle Matrix: 140
History of Number of Rows in the Cycle Matrix: [118, 138, 140]
Number of Constraints in Final Iteration: 462
History of Constraint Nums: [440, 460, 462]
Number of Prefs Removed (size of minFBPS): 22
Minimum Feedback Pref Set: [0, 1, 2, 5, 9, 11, 12, 15, 26, 28, 34, 43, 44, 45, 46, 50, 52, 53, 55, 59, 79, 81]
Number of Edges Removed: 106
Feedback Edge Set: [(0, 8), (0, 10), (0, 5), (0, 20), (16, 24), (16, 26), (16, 21), (4, 20), (4, 12), (4, 14), (4, 16), (20, 28), (20, 30), (8, 24), (8, 28), (12, 8), (12, 24), (28, 24), (1, 17), (1, 25), (1, 21), (1, 29), (1, 9), (1, 0), (1, 11), (1, 4), (1, 5), (17, 25), (17, 21), (17, 16), (17, 27), (17, 20), (25, 24), (21, 20), (21, 31), (29, 28), (5, 17), (5, 25), (5, 21), (5, 29), (5, 13), (5, 4), (5, 15), (9, 17), (9, 25), (9, 21), (9, 29), (9, 13), (9, 8), (13, 17), (13, 25), (13, 21), (13, 29), (13, 12), (2, 8), (2, 10), (2, 7), (2, 22), (18, 24), (18, 26), (18, 22), (18, 23), (6, 22), (6, 12), (6, 14), (6, 18), (22, 28), (22, 30), (10, 26), (10, 8), (10, 30), (26, 24), (14, 30), (14, 10), (14, 12), (14, 26), (30, 26), (30, 28), (19, 18), (19, 25), (19, 22), (19, 23), (19, 17), (3, 11), (3, 7), (3, 2), (3, 9), (3, 6), (3, 1), (11, 10), (11, 9), (23, 22), (23, 29), (23, 21), (23, 6), (7, 6), (7, 23), (7, 13), (7, 5), (7, 22), (15, 14), (15, 13), (27, 26), (27, 25), (31, 30), (31, 29)]
