0 16 10000000000000000000000000000010000000000000000000000000000000000000000000000000000000000
0 17 10000000000000000000000000000000000000000000000000000000000000000000000000000000000000000
1 16 10000000000000000000000000000000000000000000000000000000000000000000000000000000000000000
1 17 10000000000000000000000000000000000000000000000000000000000000000000000000000000000000000
2 18 10000000000000000000000000000000100000000000000000000000000000000000000000000000000000000
2 19 10000000000000000000000000000000000000000000000000000000000000000000000000000000000000000
3 18 10000000000000000000000000000000000000000000000000010000000000000000000000000000000000000
3 19 10000000000000000000000000000000010000000000000000000000000000000000000000000000000000000
4 20 10000000000000000000000000000000000000000000000000000000000000000000000000000000000000000
4 21 10000000000000000000000000000000000000000000000000000000000000000000000000000000000000000
5 20 10000000000000000000000000000000000000000000000000000000000000000000000000000000000000000
5 21 10000000000000000000000000000000000100000000000000000000000000000000000000000000000000000
6 22 10000000000000000000000000000000000000000000000000000000000000000000000000000000000000000
6 23 10000000000000000000000000000000000000000000000000000000000000000000000000000000000000000
7 22 10000000000000000000000000000000000000000000000000000000000000000000000000000000000000000
7 23 10000000000000000000000000000000000001000000000000000000000000000000000000000000000000000
8 24 10000000000000000000000000000000000000100000000000000000000100000000000000000000000000000
8 25 10000000000000000000000000000000000000000000000000000000000000000000000000000000000000000
9 24 10000000000000000000000000000000000000000000000000000010000000000000000000000000000000000
9 25 10000000000000000000000000000000000000000000000000000000000100000000000000000000000000000
10 26 10000000000000000000000000000000000000000000000000000000000100000000000000000000000000000
10 27 10000000000000000000000000000000000000000000000000000000000000000000000000000000000000000
11 26 10000000000000000000000000000000000000000000000000000001000000000000000000000000000000000
11 27 10000000000000000000000000000000000000000100000000000000000100000000000000000000000000000
12 28 10000000000000000000000000000000000000000010000000000000000100000000000000000000000000000
12 29 10000000000000000000000000000000000000000000000000000000000000000000000000000000000000000
13 28 10000000000000000000000000000000000000000000000000000000000000000000000000000000000000000
13 29 10000000000000000000000000000000000000000001000000000000000100000000000000000000000000000
14 30 10000000000000000000000000000000000000000000100000000000000100000000000000000000000000000
14 31 10000000000000000000000000000000000000000000000000000000000000000000000000000000000000000
15 30 10000000000000000000000000000000000000000000000000000000010000000000000000000000000000000
15 31 10000000000000000000000000000000000000000000000000000000000100000000000000000000000000000
8 0 01000000000000000000000000000000000000000000000000000000000010000000000000000000000000000
1 9 00100000000000000000000000000000000000000000001000000000000000000000000000000000000000000
2 10 00010000000000000000000000000000000000000000001000000000000000000000000000000000000000000
11 3 00001000000000000000000000000000000000000000000000000000000010000000000000000000000000000
4 12 00000100000000000000000000000000000000000000001000000000000000000000000000000000000000000
5 13 00000010000000000000000000000000000000000000001000000000000000000000000000000000000000000
6 14 00000001000000000000000000000000000000000000001000000000000000000000000000000000000000000
7 15 00000000100000000000000000000000000000000000001000000000000000000000000000000000000000000
16 24 00000000010000000000000000000000000000000000001000000000000000000000000000000000000000000
25 17 00000000001000000000000000000000000000000000000000000000000010000000000000000000000000000
26 18 00000000000100000000000000000000000000000000000000000000000010000000000000000000000000000
19 27 00000000000010000000000000000000000000000000001000000000000000000000000000000000000000000
20 28 00000000000001000000000000000000000000000000001000000000000000000000000000000000000000000
21 29 00000000000000100000000000000000000000000000001000000000000000000000000000000000000000000
22 30 00000000000000010000000000000000000000000000001000000000000000000000000000000000000000000
23 31 00000000000000001000000000000000000000000000001000000000000000000000000000000000000000000
4 0 00000000000000000100000000000000000000000000000000000000000000000000000000000000000000000
12 8 00000000000000000100000000000000000000000000000000000000000000010000000000000000000000000
5 1 00000000000000000010000000000000000000000000000000000000000000000000000000000000000000000
13 9 00000000000000000010000000000000000000000000000000000000000000001000000000000000000000000
2 6 00000000000000000001000000000000000000000000000100000000000001000000000000000000000000000
2 14 00000000000000000001000000000000000000000000000000000000000000000000000000000000000000000
10 6 00000000000000000001000000000000000000000000000000000000000010000000000000000000000000000
10 14 00000000000000000001000000000000000000000000000100000000000000000000000000000000000000000
3 7 00000000000000000000100000000000000000000000000100000000000000100000000000000000000000000
11 15 00000000000000000000100000000000000000000000000100000000000000000000000000000000000000000
20 16 00000000000000000000010000000000000000000000000000000000000000000100000000000000000000000
28 24 00000000000000000000010000000000000000000000000000000000000000000001000000000000000000000
17 21 00000000000000000000001000000000000000000000000100000000000000000010000000000000000000000
25 29 00000000000000000000001000000000000000000000000100000000000000000000000000000000000000000
22 18 00000000000000000000000100000000000000000000000000000000000000000100000000000000000000000
30 26 00000000000000000000000100000000000000000000000000000000000000000001000000000000000000000
19 23 00000000000000000000000010000000000000000000000100000000000000000010000000000000000000000
27 31 00000000000000000000000010000000000000000000000100000000000000000000000000000000000000000
2 0 00000000000000000000000001000000000000000000000000000000000000000000000000000000000000000
2 1 00000000000000000000000001000000000000000000000000000000000000000000000000000000000000000
3 0 00000000000000000000000001000000000000000000000000000000000000000000000000000000000000000
3 1 00000000000000000000000001000000000000000000000000000000000000000000000000000000000000000
6 4 00000000000000000000000001000000000000000000000001000000000000000000000100000000000000000
6 5 00000000000000000000000001000000000000000000000000000000000000000000000000000000000000000
7 4 00000000000000000000000001000000000000000000000000000000000000000000000000000000000000000
7 5 00000000000000000000000001000000000000000000000001000000000000000000000010000000000000000
10 8 00000000000000000000000001000000000000000000000000000000000000000000000000000000000000000
10 9 00000000000000000000000001000000000000000000000000000000000000000000000000000000000000000
11 8 00000000000000000000000001000000000000000000000000000000000000000000000000000000000000100
11 9 00000000000000000000000001000000000000000000000000000000000000000000000000100000000000000
14 12 00000000000000000000000001000000000000000000000001000000000000000000000000000000000000000
14 13 00000000000000000000000001000000000000000000000000000000000000000000000000000000000000000
15 12 00000000000000000000000001000000000000000000000000000000000000000000000000000000000000100
15 13 00000000000000000000000001000000000000000000000001000000000000000000000000000000000000000
18 16 00000000000000000000000001000000000000000000000000000000000000000000000000000100000000000
18 17 00000000000000000000000001000000000000000000000000000000000000000000000000000000000000000
19 16 00000000000000000000000001000000000000000000000000000000000000000000000000000000000000000
19 17 00000000000000000000000001000000000000000000000000000000000000000000000000000010000000000
22 20 00000000000000000000000001000000000000000000000001000000000000000000000000000000000000000
22 21 00000000000000000000000001000000000000000000000000000000000000000000000000000000000000000
23 20 00000000000000000000000001000000000000000000000000000000000000000000000000000000000000000
23 21 00000000000000000000000001000000000000000000000001000000000000000000000000000000000000000
26 24 00000000000000000000000001000000000000000000000000000000000000000000000000000000010000000
26 25 00000000000000000000000001000000000000000000000000000000000000000000000000000000000000000
27 24 00000000000000000000000001000000000000000000000000000000000000000000000000000000000000001
27 25 00000000000000000000000001000000000000000000000000000000000000000000000000000000000000000
30 28 00000000000000000000000001000000000000000000000001000000000000000000000000000000000100000
30 29 00000000000000000000000001000000000000000000000000000000000000000000000000000000000000000
31 28 00000000000000000000000001000000000000000000000000000000000000000000000000000000000000001
31 29 00000000000000000000000001000000000000000000000001000000000000000000000000000000000010000
0 1 00000000000000000000000000100000000000000000000000100000000000000000000000000000000001000
4 5 00000000000000000000000000100000000000000000000000001000000000000000000000000000000001000
8 9 00000000000000000000000000100000000000000000000000000000000000000000000000000000000000000
12 13 00000000000000000000000000100000000000000000000000000000100000000000000000000000000000000
3 2 00000000000000000000000000010000000000000000000000010000000000000000000000000000000000000
3 10 00000000000000000000000000010000000000000000000000000000000000000000000000000000000000000
7 6 00000000000000000000000000010000000000000000000000000100000000000000000000000000000000000
7 14 00000000000000000000000000010000000000000000000000000000000000000000000000000000000000000
11 2 00000000000000000000000000010000000000000000000000000000000000000000000000000000000000000
11 10 00000000000000000000000000010000000000000000000000000001000000000000000000000000000000100
15 6 00000000000000000000000000010000000000000000000000000000000000000000000000000000000000000
15 14 00000000000000000000000000010000000000000000000000000000010000000000000000000000000000100
16 17 00000000000000000000000000001000000000000000000000100000000000000000000000000000000000000
16 25 00000000000000000000000000001000000000000000000000000000000000000000000000000000000000000
20 21 00000000000000000000000000001000000000000000000000001000000000000000000000000000000000000
20 29 00000000000000000000000000001000000000000000000000000000000000000000000000000000000000000
24 17 00000000000000000000000000001000000000000000000000000000000000000000000000000000000000000
24 25 00000000000000000000000000001000000000000000000000000000000000000000000000000000000000000
28 21 00000000000000000000000000001000000000000000000000000000000000000000000000000000000000000
28 29 00000000000000000000000000001000000000000000000000000000100000000000000000000000000000000
18 19 00000000000000000000000000000100000000000000000000000000000000000000000000000000000000000
22 23 00000000000000000000000000000100000000000000000000000000000000000000000000000000000000000
26 27 00000000000000000000000000000100000000000000000000000000000000000000000000000000000000000
30 31 00000000000000000000000000000100000000000000000000000000000000000000000000000000000000000
17 1 00000000000000000000000000000001000000000000000000000000001000000000000000000000000000000
20 4 00000000000000000000000000000000001000000000000000000000001000000000000000000000000000000
22 6 00000000000000000000000000000000000010000000000000000000001000000000000000000000000000000
25 9 00000000000000000000000000000000000000010000000000000000000000000000000000000000000000000
26 10 00000000000000000000000000000000000000001000000000000000000000000000000000000000000000000
31 15 00000000000000000000000000000000000000000000010000000000000000000000000000000000000000000
0 8 00000000000000000000000000000000000000000000001000000000000000000000000000000000000000000
0 10 00000000000000000000000000000000000000000000001000000000000000000000000000000000000000000
1 11 00000000000000000000000000000000000000000000001000000000000000000000000000000000000000000
2 8 00000000000000000000000000000000000000000000001000000000000000000000000000000000000000000
3 9 00000000000000000000000000000000000000000000001000000000000000000000000000000000000000000
3 11 00000000000000000000000000000000000000000000001000000000000000000000000000000000000000000
4 14 00000000000000000000000000000000000000000000001000000000000000000000000000000000000000000
5 15 00000000000000000000000000000000000000000000001000000000000000000000000000000000000000000
6 12 00000000000000000000000000000000000000000000001000000000000000000000000000000000000000000
7 13 00000000000000000000000000000000000000000000001000000000000000000000000000000000000000000
16 26 00000000000000000000000000000000000000000000001000000000000000000000000000000000000000000
17 25 00000000000000000000000000000000000000000000001000000000000000000000000000000000000000000
17 27 00000000000000000000000000000000000000000000001000000000000000000000000000000000000000000
18 24 00000000000000000000000000000000000000000000001000000000000000000000000000000000000000000
18 26 00000000000000000000000000000000000000000000001000000000000000000000000000000000000000000
19 25 00000000000000000000000000000000000000000000001000000000000000000000000000000000000000000
20 30 00000000000000000000000000000000000000000000001000000000000000000000000000000000000000000
21 31 00000000000000000000000000000000000000000000001000000000000000000000000000000000000000000
22 28 00000000000000000000000000000000000000000000001000000000000000000000000000000000000000000
23 29 00000000000000000000000000000000000000000000001000000000000000000000000000000000000000000
0 4 00000000000000000000000000000000000000000000000100000000000001000000000000000000000000000
1 5 00000000000000000000000000000000000000000000000100000000000000100000000000000000000000000
8 12 00000000000000000000000000000000000000000000000100000000000000000000000000000000000000000
9 13 00000000000000000000000000000000000000000000000100000000000000000000000000000000000000000
16 20 00000000000000000000000000000000000000000000000100000000000000000000000000000000000000000
18 22 00000000000000000000000000000000000000000000000100000000000000000000000000000000000000000
24 28 00000000000000000000000000000000000000000000000100000000000000000000000000000000000000000
26 30 00000000000000000000000000000000000000000000000100000000000000000000000000000000000000000
0 2 00000000000000000000000000000000000000000000000010000000000000000000010000000000000000000
1 3 00000000000000000000000000000000000000000000000010000000000000000000001000000000000000000
8 10 00000000000000000000000000000000000000000000000010000000000000000000000001000000000000000
9 11 00000000000000000000000000000000000000000000000010000000000000000000000000000000000000000
16 18 00000000000000000000000000000000000000000000000010000000000000000000000000000000000000000
17 19 00000000000000000000000000000000000000000000000010000000000000000000000000000000000000000
24 26 00000000000000000000000000000000000000000000000010000000000000000000000000000000000000000
25 27 00000000000000000000000000000000000000000000000010000000000000000000000000000000001000000
19 2 00000000000000000000000000000000000000000000000000010000000000000000000000000000000000000
19 18 00000000000000000000000000000000000000000000000000010000000000000000000000000000000000010
23 22 00000000000000000000000000000000000000000000000000000100000000000000000000000000000000010
9 8 00000000000000000000000000000000000000000000000000000010000000000000000000000000000000100
25 8 00000000000000000000000000000000000000000000000000000010000000000000000000000000000000000
25 24 00000000000000000000000000000000000000000000000000000010000000000000000000000000000000001
27 10 00000000000000000000000000000000000000000000000000000001000000000000000000000000000000000
27 26 00000000000000000000000000000000000000000000000000000001000000000000000000000000000000001
31 14 00000000000000000000000000000000000000000000000000000000010000000000000000000000000000000
31 30 00000000000000000000000000000000000000000000000000000000010000000000000000000000000000001
16 0 00000000000000000000000000000000000000000000000000000000001000000000000000000000000000000
18 2 00000000000000000000000000000000000000000000000000000000001000000000000000000000000000000
19 3 00000000000000000000000000000000000000000000000000000000001000000000000000000000000000000
21 5 00000000000000000000000000000000000000000000000000000000001000000000000000000000000000000
23 7 00000000000000000000000000000000000000000000000000000000001000000000000000000000000000000
8 4 00000000000000000000000000000000000000000000000000000000000010000000000000000000000000000
9 1 00000000000000000000000000000000000000000000000000000000000010000000000000000000000000000
9 5 00000000000000000000000000000000000000000000000000000000000010000000000000000000000000000
10 2 00000000000000000000000000000000000000000000000000000000000010000000000000000000000000000
11 7 00000000000000000000000000000000000000000000000000000000000010000000000000000000000000000
12 0 00000000000000000000000000000000000000000000000000000000000010000000000000000000000000000
12 4 00000000000000000000000000000000000000000000000000000000000010000000000000000000000000000
13 1 00000000000000000000000000000000000000000000000000000000000010000000000000000000000000000
13 5 00000000000000000000000000000000000000000000000000000000000010000000000000000000000000000
14 2 00000000000000000000000000000000000000000000000000000000000010000000000000000000000000000
14 6 00000000000000000000000000000000000000000000000000000000000010000000000000000000000000000
15 3 00000000000000000000000000000000000000000000000000000000000010000000000000000000000000000
15 7 00000000000000000000000000000000000000000000000000000000000010000000000000000000000000000
24 16 00000000000000000000000000000000000000000000000000000000000010000000000000000000000000000
24 20 00000000000000000000000000000000000000000000000000000000000010000000000000000000000000000
25 21 00000000000000000000000000000000000000000000000000000000000010000000000000000000000000000
26 22 00000000000000000000000000000000000000000000000000000000000010000000000000000000000000000
27 19 00000000000000000000000000000000000000000000000000000000000010000000000000000000000000000
27 23 00000000000000000000000000000000000000000000000000000000000010000000000000000000000000000
28 16 00000000000000000000000000000000000000000000000000000000000010000000000000000000000000000
28 20 00000000000000000000000000000000000000000000000000000000000010000000000000000000000000000
29 17 00000000000000000000000000000000000000000000000000000000000010000000000000000000000000000
29 21 00000000000000000000000000000000000000000000000000000000000010000000000000000000000000000
30 18 00000000000000000000000000000000000000000000000000000000000010000000000000000000000000000
30 22 00000000000000000000000000000000000000000000000000000000000010000000000000000000000000000
31 19 00000000000000000000000000000000000000000000000000000000000010000000000000000000000000000
31 23 00000000000000000000000000000000000000000000000000000000000010000000000000000000000000000
0 6 00000000000000000000000000000000000000000000000000000000000001000000000000000000000000000
2 4 00000000000000000000000000000000000000000000000000000000000001000000000000000000000000000
14 10 00000000000000000000000000000000000000000000000000000000000000010000000000000000000000000
13 11 00000000000000000000000000000000000000000000000000000000000000001000000000000000000000000
15 9 00000000000000000000000000000000000000000000000000000000000000001000000000000000000000000
15 11 00000000000000000000000000000000000000000000000000000000000000001000000000000000000000000
20 18 00000000000000000000000000000000000000000000000000000000000000000100000000000000000000000
22 16 00000000000000000000000000000000000000000000000000000000000000000100000000000000000000000
28 26 00000000000000000000000000000000000000000000000000000000000000000001000000000000000000000
30 24 00000000000000000000000000000000000000000000000000000000000000000001000000000000000000000
29 25 00000000000000000000000000000000000000000000000000000000000000000000100000000000000000000
29 27 00000000000000000000000000000000000000000000000000000000000000000000100000000000000000000
31 25 00000000000000000000000000000000000000000000000000000000000000000000100000000000000000000
31 27 00000000000000000000000000000000000000000000000000000000000000000000100000000000000000000
12 14 00000000000000000000000000000000000000000000000000000000000000000000000000010000000000000
13 15 00000000000000000000000000000000000000000000000000000000000000000000000000001000000000000
20 22 00000000000000000000000000000000000000000000000000000000000000000000000000000001000000000
21 23 00000000000000000000000000000000000000000000000000000000000000000000000000000000100000000
2 3 00000000000000000000000000000000000000000000000000000000000000000000000000000000000001000
6 7 00000000000000000000000000000000000000000000000000000000000000000000000000000000000001000
9 10 00000000000000000000000000000000000000000000000000000000000000000000000000000000000000100
13 12 00000000000000000000000000000000000000000000000000000000000000000000000000000000000000100
13 14 00000000000000000000000000000000000000000000000000000000000000000000000000000000000000100
17 16 00000000000000000000000000000000000000000000000000000000000000000000000000000000000000010
21 20 00000000000000000000000000000000000000000000000000000000000000000000000000000000000000010
25 28 00000000000000000000000000000000000000000000000000000000000000000000000000000000000000001
25 26 00000000000000000000000000000000000000000000000000000000000000000000000000000000000000001
25 30 00000000000000000000000000000000000000000000000000000000000000000000000000000000000000001
27 28 00000000000000000000000000000000000000000000000000000000000000000000000000000000000000001
27 30 00000000000000000000000000000000000000000000000000000000000000000000000000000000000000001
29 24 00000000000000000000000000000000000000000000000000000000000000000000000000000000000000001
29 28 00000000000000000000000000000000000000000000000000000000000000000000000000000000000000001
29 26 00000000000000000000000000000000000000000000000000000000000000000000000000000000000000001
29 30 00000000000000000000000000000000000000000000000000000000000000000000000000000000000000001
31 24 00000000000000000000000000000000000000000000000000000000000000000000000000000000000000001
31 26 00000000000000000000000000000000000000000000000000000000000000000000000000000000000000001
