----------- GRAPH -----------
Number of Preferences: 91
Number of Outcomes: 32
Number of Edges: 230
----------- STATS -----------
Algorithm used: Algorithm.MFAS
Runtime: 0.26682567596435547seconds
Number of Iterations: 4
Number of Rows in Final Cycle Matrix: 206
History of Number of Rows in the Cycle Matrix: [130, 169, 196, 206]
Number of Constraints in Final Iteration: 206
History of Constraint Nums: [130, 169, 196, 206]
Number of Edges Removed: 60
Feedback Edge Set: [(16, 0), (2, 3), (18, 0), (18, 2), (18, 16), (1, 17), (1, 0), (1, 3), (19, 17), (20, 16), (4, 6), (4, 20), (4, 0), (6, 2), (5, 21), (5, 7), (21, 20), (21, 17), (23, 22), (23, 7), (23, 21), (7, 3), (8, 10), (24, 28), (24, 8), (24, 30), (24, 26), (24, 25), (10, 26), (9, 8), (9, 11), (9, 25), (27, 26), (27, 25), (11, 10), (11, 27), (12, 28), (28, 30), (14, 30), (13, 29), (13, 12), (13, 5), (13, 25), (13, 7), (13, 9), (13, 11), (13, 15), (29, 28), (29, 21), (29, 23), (29, 25), (29, 27), (31, 30), (31, 15), (31, 23), (31, 21), (15, 14), (15, 7), (15, 27), (15, 5)]
----------- STATS -----------
Algorithm used: Algorithm.EDGES
Runtime: 0.3129289150238037seconds
Number of Iterations: 2
Number of Rows in Final Cycle Matrix: 131
History of Number of Rows in the Cycle Matrix: [130, 131]
Number of Constraints in Final Iteration: 1399
History of Constraint Nums: [1398, 1399]
Number of Prefs Removed (size of minFBPS): 36
Minimum Feedback Pref Set: [0, 3, 5, 11, 16, 18, 22, 24, 26, 27, 29, 32, 33, 37, 38, 40, 45, 47, 58, 60, 61, 62, 63, 66, 69, 71, 72, 74, 77, 78, 81, 82, 85, 87, 88, 89]
Number of Edges Removed: 70
Feedback Edge Set: [(16, 0), (16, 2), (16, 18), (18, 0), (18, 2), (1, 0), (1, 3), (17, 19), (17, 1), (3, 2), (20, 16), (4, 6), (4, 20), (4, 0), (6, 2), (5, 21), (5, 23), (5, 13), (5, 29), (5, 15), (5, 31), (5, 7), (21, 13), (21, 29), (21, 15), (21, 31), (21, 23), (21, 20), (21, 17), (23, 13), (23, 29), (23, 15), (23, 31), (23, 22), (7, 21), (7, 23), (7, 13), (7, 29), (7, 15), (7, 31), (7, 3), (24, 8), (24, 26), (10, 8), (26, 10), (26, 14), (25, 9), (25, 27), (25, 24), (9, 8), (27, 11), (27, 26), (11, 9), (11, 10), (28, 30), (28, 12), (28, 24), (30, 14), (30, 10), (13, 12), (13, 9), (13, 11), (13, 15), (29, 28), (29, 13), (29, 25), (29, 27), (31, 30), (31, 15), (15, 14)]
----------- STATS -----------
Algorithm used: Algorithm.PREFS
Runtime: 0.21240973472595215seconds
Number of Iterations: 2
Number of Rows in Final Cycle Matrix: 132
History of Number of Rows in the Cycle Matrix: [130, 132]
Number of Constraints in Final Iteration: 478
History of Constraint Nums: [476, 478]
Number of Prefs Removed (size of minFBPS): 26
Minimum Feedback Pref Set: [5, 11, 12, 16, 27, 29, 30, 31, 32, 33, 35, 37, 38, 40, 41, 49, 52, 58, 60, 61, 66, 85, 86, 87, 88, 89]
Number of Edges Removed: 90
Feedback Edge Set: [(16, 20), (16, 22), (16, 18), (0, 4), (0, 16), (0, 6), (0, 1), (0, 3), (2, 6), (2, 18), (2, 4), (2, 1), (2, 3), (18, 20), (1, 0), (1, 7), (1, 3), (17, 21), (17, 23), (17, 1), (19, 21), (19, 17), (3, 7), (3, 2), (3, 5), (20, 5), (4, 6), (4, 20), (22, 7), (5, 13), (5, 29), (5, 15), (5, 31), (5, 7), (21, 13), (21, 29), (21, 15), (21, 31), (21, 20), (21, 4), (21, 5), (23, 13), (23, 29), (23, 15), (23, 31), (23, 22), (23, 6), (23, 7), (23, 21), (7, 13), (7, 29), (7, 15), (7, 31), (8, 14), (24, 28), (24, 8), (24, 30), (24, 26), (10, 12), (10, 8), (26, 10), (26, 28), (26, 14), (25, 9), (25, 29), (25, 24), (25, 31), (9, 13), (9, 8), (9, 15), (9, 11), (27, 11), (27, 26), (27, 29), (27, 25), (11, 10), (11, 13), (28, 30), (28, 12), (30, 14), (30, 10), (13, 12), (13, 11), (13, 15), (29, 28), (29, 13), (29, 27), (31, 30), (31, 15), (15, 14)]
