----------- GRAPH -----------
Number of Preferences: 89
Number of Outcomes: 32
Number of Edges: 242
----------- STATS -----------
Algorithm used: Algorithm.MFAS
Runtime: 0.42290592193603516seconds
Number of Iterations: 8
Number of Rows in Final Cycle Matrix: 260
History of Number of Rows in the Cycle Matrix: [132, 210, 226, 232, 245, 250, 258, 260]
Number of Constraints in Final Iteration: 260
History of Constraint Nums: [132, 210, 226, 232, 245, 250, 258, 260]
Number of Edges Removed: 82
Feedback Edge Set: [(16, 25), (16, 20), (16, 0), (17, 1), (17, 25), (17, 27), (17, 19), (17, 16), (1, 9), (1, 11), (1, 5), (1, 3), (2, 19), (2, 10), (2, 0), (2, 3), (18, 16), (18, 19), (18, 26), (18, 22), (18, 2), (19, 27), (3, 19), (3, 11), (4, 0), (20, 4), (21, 29), (21, 31), (21, 5), (21, 23), (21, 20), (5, 13), (5, 15), (22, 20), (22, 23), (22, 6), (23, 31), (23, 7), (7, 15), (7, 6), (8, 25), (8, 0), (8, 9), (8, 10), (24, 25), (24, 28), (24, 26), (24, 16), (24, 20), (25, 27), (9, 25), (9, 11), (10, 27), (10, 9), (26, 25), (26, 27), (26, 10), (26, 30), (26, 22), (12, 8), (12, 0), (12, 4), (28, 29), (28, 20), (29, 25), (29, 27), (29, 30), (13, 9), (13, 11), (13, 15), (13, 12), (13, 14), (14, 31), (14, 12), (14, 2), (14, 6), (14, 10), (30, 31), (30, 22), (31, 27), (15, 31), (15, 11)]
----------- STATS -----------
Algorithm used: Algorithm.EDGES
Runtime: 0.7653186321258545seconds
Number of Iterations: 4
Number of Rows in Final Cycle Matrix: 144
History of Number of Rows in the Cycle Matrix: [132, 136, 142, 144]
Number of Constraints in Final Iteration: 1430
History of Constraint Nums: [1418, 1422, 1428, 1430]
Number of Prefs Removed (size of minFBPS): 38
Minimum Feedback Pref Set: [1, 4, 10, 11, 12, 17, 18, 20, 22, 24, 25, 26, 28, 29, 31, 34, 36, 39, 40, 45, 47, 49, 50, 51, 52, 53, 54, 55, 56, 57, 58, 60, 63, 74, 77, 78, 81, 85]
Number of Edges Removed: 101
Feedback Edge Set: [(0, 1), (16, 17), (16, 25), (16, 20), (16, 0), (17, 1), (2, 0), (2, 1), (2, 3), (18, 16), (18, 17), (18, 19), (18, 22), (18, 2), (19, 16), (19, 17), (19, 2), (19, 3), (3, 0), (3, 1), (4, 0), (4, 5), (20, 21), (20, 29), (20, 4), (21, 5), (5, 1), (6, 5), (6, 7), (22, 20), (22, 21), (22, 23), (22, 6), (23, 20), (23, 21), (23, 7), (7, 4), (8, 0), (8, 9), (8, 12), (8, 4), (24, 17), (24, 25), (24, 28), (24, 16), (24, 20), (25, 17), (25, 29), (25, 9), (25, 8), (25, 21), (9, 13), (9, 1), (9, 5), (10, 8), (10, 9), (10, 2), (26, 18), (26, 24), (26, 25), (26, 27), (26, 10), (26, 30), (26, 22), (27, 31), (27, 25), (27, 10), (27, 19), (27, 23), (11, 3), (11, 15), (11, 9), (11, 7), (12, 8), (12, 13), (12, 0), (12, 4), (28, 21), (28, 29), (28, 16), (28, 20), (29, 17), (29, 21), (13, 1), (13, 5), (14, 12), (14, 13), (14, 2), (14, 6), (14, 10), (30, 29), (30, 31), (30, 18), (30, 22), (31, 15), (31, 14), (31, 19), (31, 23), (15, 13), (15, 3), (15, 7)]
----------- STATS -----------
Algorithm used: Algorithm.PREFS
Runtime: 0.2614564895629883seconds
Number of Iterations: 3
Number of Rows in Final Cycle Matrix: 143
History of Number of Rows in the Cycle Matrix: [132, 142, 143]
Number of Constraints in Final Iteration: 491
History of Constraint Nums: [480, 490, 491]
Number of Prefs Removed (size of minFBPS): 22
Minimum Feedback Pref Set: [0, 18, 19, 25, 26, 28, 29, 46, 47, 48, 49, 50, 52, 56, 58, 59, 60, 61, 64, 68, 78, 85]
Number of Edges Removed: 135
Feedback Edge Set: [(0, 17), (0, 1), (0, 8), (0, 10), (0, 4), (0, 6), (16, 17), (16, 25), (16, 26), (16, 20), (16, 18), (16, 0), (17, 25), (17, 27), (17, 19), (1, 16), (1, 17), (1, 11), (2, 19), (2, 6), (2, 14), (2, 0), (2, 1), (2, 8), (2, 4), (2, 3), (18, 17), (18, 19), (18, 24), (18, 26), (18, 22), (18, 2), (19, 16), (19, 17), (19, 25), (19, 3), (3, 0), (3, 1), (3, 9), (3, 11), (4, 20), (4, 21), (4, 5), (4, 14), (20, 21), (20, 29), (20, 30), (21, 31), (21, 5), (5, 20), (5, 1), (5, 15), (6, 22), (6, 23), (6, 5), (6, 12), (6, 7), (22, 20), (22, 21), (22, 23), (22, 28), (23, 20), (23, 21), (23, 29), (23, 7), (7, 22), (7, 4), (7, 13), (8, 25), (8, 9), (8, 12), (8, 4), (24, 17), (24, 25), (24, 28), (24, 26), (24, 16), (24, 20), (25, 21), (9, 25), (9, 13), (9, 11), (9, 1), (9, 5), (10, 26), (10, 27), (10, 6), (10, 14), (10, 8), (10, 9), (10, 2), (26, 25), (26, 27), (26, 30), (26, 22), (27, 25), (27, 19), (27, 23), (11, 7), (12, 29), (12, 13), (12, 0), (12, 4), (28, 21), (28, 29), (28, 16), (28, 20), (29, 17), (29, 21), (29, 25), (29, 27), (13, 28), (13, 9), (13, 1), (13, 5), (13, 11), (14, 31), (14, 12), (14, 13), (14, 2), (14, 6), (30, 29), (30, 31), (30, 18), (30, 22), (31, 19), (31, 23), (31, 25), (31, 27), (15, 31), (15, 13), (15, 3), (15, 7), (15, 9), (15, 11)]
