16 0 1000000000000000000000000000000000000000000000000000000000000000000000000000000000000000000
16 2 1000000000000000000000000000000000000000000000000000000000000000000000000000000000000000000
18 0 1000000000000000000000000000000000000000000000000000000000000000000000000000000000000000000
18 2 1000000000000000000000000000000000000000000000000000000000000010000000000000000000000000000
1 17 0100000000000000000000000000001000000000000000000000000000000000000000000000000000000000000
1 19 0100000000000000000000000000000000000000000000000000000000000000000000000000000000000000000
3 17 0100000000000000000000000000000000000000000000000000000000000000000000000000000000000000000
3 19 0100000000000000000000000000001000000000000000000000000000000001000000000000000000000000000
20 4 0010000000000000000000000000000100000000000000000000000000000000000000000000000000000000000
20 6 0010000000000000000000000000000000000000000000000000000000000000000000000000000000000000000
22 4 0010000000000000000000000000000000000000000000000000000000000000000000000000000000000000000
22 6 0010000000000000000000000000000100000000000000000000000000000010000000000000000000000000000
5 21 0001000000000000000000000000000000000000000000000000000000000000000000000000000000000000000
5 23 0001000000000000000000000000000000000000000000000000000000000000000000000000000000000000000
7 21 0001000000000000000000000000000000000000000000000000000000000000000000000000000000000000000
7 23 0001000000000000000000000000000000000000000000000000000000000001000000000000000000000000000
8 24 0000100000000000000000000000000000000000000000000000000000000000100000000000000000000000000
10 26 0000100000000000000000000000000000000000000000000000000000000000000000000000000000000000000
25 9 0000010000000000000000000000000010000000000000000000000000000000000000000000000000000000000
27 11 0000010000000000000000000000000010000000000000000000000000000000000000000000000000000000000
12 28 0000001000000000000000000000000000000000000000000000000000000000100000000000000000000000000
14 30 0000001000000000000000000000000000000000000000000000000000000000000000000000000000000000000
13 29 0000000100000000000000000000000000000000000000000000000000000000010000000000000000000000000
13 31 0000000100000000000000000000000000000000000000000000000000000000000000000000000000000000000
15 29 0000000100000000000000000000000000000000000000000000000000000000000000000000000000000000000
15 31 0000000100000000000000000000000000000000000000000000000000000000000100000000000000000000000
8 0 0000000010000000000000000000000000100000000000000000000000000000000010000000000000000000000
10 2 0000000010000000000000000000000000100000000000000000000000000000000010000000000000000000000
24 16 0000000010000000000000000000000000100000000000000000000000000000000010000000000000000000000
26 18 0000000010000000000000000000000000100000000000000000000000000000000010000000000000000000000
9 1 0000000001000000000000000000000000100000000000000000000000000000000010000000000000000000000
11 3 0000000001000000000000000000000000100000000000000000000000000000000010000000000000000000000
25 17 0000000001000000000000000000000000100000000000000000000000000000000010000000000000000000000
27 19 0000000001000000000000000000000000100000000000000000000000000000000010000000000000000000000
12 4 0000000000100000000000000000000000100000000000000000000000000000000010000000000000000000000
12 6 0000000000100000000000000000000000000000000000000000000000000000000010000000000000000000000
14 4 0000000000100000000000000000000000000000000000000000000000000000000010000000000000000000000
14 6 0000000000100000000000000000000000100000000000000000000000000000000010000000000000000000000
28 20 0000000000100000000000000000000000100000000000000000000000000000000010000000000000000000000
28 22 0000000000100000000000000000000000000000000000000000000000000000000010000000000000000000000
30 20 0000000000100000000000000000000000000000000000000000000000000000000010000000000000000000000
30 22 0000000000100000000000000000000000100000000000000000000000000000000010000000000000000000000
5 13 0000000000010000000000000000000000000000000000000000000000000000000000000000000000000000000
5 29 0000000000010000000000000000000000000000000000000000000000000000000000000000000000000000000
5 15 0000000000010000000000000000000000000000000000000000000000000000000000000000000000000000000
5 31 0000000000010000000000000000000000000000000000000000000000000000000000000000000000000000000
7 13 0000000000010000000000000000000000000000000000000000000000000000000000000000000000000000000
7 29 0000000000010000000000000000000000000000000000000000000000000000000000000000000000000000000
7 15 0000000000010000000000000000000000000000000000000000000000000000000000000000000000000000000
7 31 0000000000010000000000000000000000000000000000000000000000000000000000000000000000000000000
21 13 0000000000010000000000000000000000000000000000000000000000000000000000000000000000000000000
21 29 0000000000010000000000000000000000000000000000000000000000000000000000000000000000000000000
21 15 0000000000010000000000000000000000000000000000000000000000000000000000000000000000000000000
21 31 0000000000010000000000000000000000000000000000000000000000000000000000000000000000000000000
23 13 0000000000010000000000000000000000000000000000000000000000000000000000000000000000000000000
23 29 0000000000010000000000000000000000000000000000000000000000000000000000000000000000000000000
23 15 0000000000010000000000000000000000000000000000000000000000000000000000000000000000000000000
23 31 0000000000010000000000000000000000000000000000000000000000000000000000000000000000000000000
0 4 0000000000001000000000000000000000010000000000000000000000000000000000000000000000000000000
1 5 0000000000001000000000000000000000010000000000000000000000000000000000100000000000000000000
2 6 0000000000001000000000000000000000010000000000000000000000000000000000000000000000000000000
3 7 0000000000001000000000000000000000010000000000000000000000000000000000000000000000000000000
8 12 0000000000001000000000000000000000010000000000000000000000000000000000000100000000000000000
9 13 0000000000001000000000000000000000010000000000000000000000000000000000000000000000000000000
10 14 0000000000001000000000000000000000010000000000000000000000000000000000000001000000000000000
11 15 0000000000001000000000000000000000010000000000000000000000000000000000000000100000000000000
16 20 0000000000001000000000000000000000010000000000000000000000000000000000000000000000000000000
17 21 0000000000001000000000000000000000010000000000000000000000000000000000000000000000000000000
18 22 0000000000001000000000000000000000010000000000000000000000000000000000000000000100000000000
19 23 0000000000001000000000000000000000010000000000000000000000000000000000000000000010000000000
24 28 0000000000001000000000000000000000010000000000000000000000000000000000000000000000000000000
25 29 0000000000001000000000000000000000010000000000000000000000000000000000000000000000000000000
26 30 0000000000001000000000000000000000010000000000000000000000000000000000000000000000010000000
27 31 0000000000001000000000000000000000010000000000000000000000000000000000000000000000001000000
0 2 0000000000000100000000000000000000001000000000000000000000000000000000000000000000000100000
3 1 0000000000000010000000000000000000000000000000000000000000000000000000000000000000000010000
6 4 0000000000000001000000000000000000000000000000000000000000000000000000000000000000000000000
5 7 0000000000000000100000000000000000000000000000000000000000000000000000000000000000000000000
8 10 0000000000000000010000000000000000000000000000000000000000000000000000000000000000000001000
11 9 0000000000000000001000000000000000000000000000000000000000000000000000000000000000000000000
12 14 0000000000000000000100000000000000000000001000000000000000000000000000000000000000000001000
15 13 0000000000000000000010000000000000000000000100000000000000000000000000000000000000000000000
18 16 0000000000000000000001000000000000000000000010000000000000000000000000000000000000000000000
17 19 0000000000000000000000100000000000000000000001000000000000000000000000000000000000000000000
20 22 0000000000000000000000010000000000000000000000100000000000000000000000000000000000000100000
21 23 0000000000000000000000001000000000000000000000010000000000000000000000000000000000000000000
26 24 0000000000000000000000000100000000000000000000001000000000000000000000000000000000000000000
25 27 0000000000000000000000000010000000000000000000000000000000000000000000000000000000000000100
28 30 0000000000000000000000000001000000000000000000000000000000000000000000000000000000000001000
29 31 0000000000000000000000000000100000000000000000000001000000000000000000000000000000000000100
1 0 0000000000000000000000000000010000000000000000000000000000000000000000000000000000000000010
3 2 0000000000000000000000000000010000000000000000000000000000000000000000000000000000000000010
5 4 0000000000000000000000000000010000000000000000000000010000000000000000000000000000000000010
7 6 0000000000000000000000000000010000000000000000000000010000000000000000000000000000000000010
9 8 0000000000000000000000000000010000000000000000000000000000000000000000000000000000000000000
11 10 0000000000000000000000000000010000000000000000000000000000000000000000000000000000000000000
13 12 0000000000000000000000000000010000000000000000000000000000000000000000000000000000000000000
15 14 0000000000000000000000000000010000000000000000000000000000000000000000000000000000000000000
17 16 0000000000000000000000000000010000000000000000000000000010000000000000000000000000000000010
19 18 0000000000000000000000000000010000000000000000000000000010000000000000000000000000000000010
21 20 0000000000000000000000000000010000000000000000000000000000000000000000000000000000000000010
23 22 0000000000000000000000000000010000000000000000000000000000000000000000000000000000000000010
25 24 0000000000000000000000000000010000000000000000000000000000100000000000000000000000000000000
27 26 0000000000000000000000000000010000000000000000000000000000100000000000000000000000000000000
29 28 0000000000000000000000000000010000000000000000000000000000000000000000000000000000000000000
31 30 0000000000000000000000000000010000000000000000000000000000000000000000000000000000000000000
0 16 0000000000000000000000000000001000000000000000000000000000001000000000000000000000000000000
2 18 0000000000000000000000000000001000000000000000000000000000000000000000000000000000000000000
20 5 0000000000000000000000000000000100000000000000000000000000000000000000000000000000000000000
21 4 0000000000000000000000000000000100000000000000000000000000000000000000000000000000000000000
21 5 0000000000000000000000000000000100000000000000000000000000000100000000000000000000000000000
22 7 0000000000000000000000000000000100000000000000000000000000000000000000000000000000000000000
23 6 0000000000000000000000000000000100000000000000000000000000000000000000000000000000000000000
23 7 0000000000000000000000000000000100000000000000000000000000000000000000000000000000000000000
24 8 0000000000000000000000000000000010000000000000000000000000000000000000000000000000000000000
26 10 0000000000000000000000000000000010000000000000000000000000000000001000000000000000000000000
28 12 0000000000000000000000000000000001000000000000000000000000000000000000000000000000000000000
29 13 0000000000000000000000000000000001000000000000000000000000000000000000000000000000000000000
30 14 0000000000000000000000000000000001000000000000000000000000000000001000000000000000000000000
31 15 0000000000000000000000000000000001000000000000000000000000000000000000000000000000000000000
13 5 0000000000000000000000000000000000100000000000000000000000000000000010000000000000000000000
15 7 0000000000000000000000000000000000100000000000000000000000000000000010000000000000000000000
29 21 0000000000000000000000000000000000100000000000000000000000000000000010000000000000000000000
31 23 0000000000000000000000000000000000100000000000000000000000000000000010000000000000000000000
0 6 0000000000000000000000000000000000010000000000000000000000000000000000000000000000000000000
1 7 0000000000000000000000000000000000010000000000000000000000000000000000000000000000000000000
2 4 0000000000000000000000000000000000010000000000000000000000000000000000000000000000000000000
3 5 0000000000000000000000000000000000010000000000000000000000000000000000000000000000000000000
8 14 0000000000000000000000000000000000010000000000000000000000000000000000000000000000000000000
9 15 0000000000000000000000000000000000010000000000000000000000000000000000000000000000000000100
10 12 0000000000000000000000000000000000010000000000000000000000000000000000000000000000000000000
11 13 0000000000000000000000000000000000010000000000000000000000000000000000000000000000000000000
16 22 0000000000000000000000000000000000010000000000000000000000000000000000000000000000000000000
17 23 0000000000000000000000000000000000010000000000000000000000000000000000000000000000000000000
18 20 0000000000000000000000000000000000010000000000000000000000000000000000000000000000000000000
19 21 0000000000000000000000000000000000010000000000000000000000000000000000000000000000000000000
24 30 0000000000000000000000000000000000010000000000000000000000000000000000000000000000000000000
25 31 0000000000000000000000000000000000010000000000000000000000000000000000000000000000000000100
26 28 0000000000000000000000000000000000010000000000000000000000000000000000000000000000000000000
27 29 0000000000000000000000000000000000010000000000000000000000000000000000000000000000000000000
1 3 0000000000000000000000000000000000000100000000000000000000000000000000000000000000000000000
4 6 0000000000000000000000000000000000000010000000000000000000000000000000000000000000000100000
7 5 0000000000000000000000000000000000000001000000000000000000000000000000000000000000000010000
10 8 0000000000000000000000000000000000000000100000000000000000000000000000000000000000000000000
9 11 0000000000000000000000000000000000000000010000000000000000000000000000000000000000000000100
27 25 0000000000000000000000000000000000000000000000000100000000000000000000000000000000000000000
30 28 0000000000000000000000000000000000000000000000000010000000000000000000000000000000000000000
0 1 0000000000000000000000000000000000000000000000000000100000000000000000000000000000000000000
0 3 0000000000000000000000000000000000000000000000000000100000000000000000000000000000000000000
2 1 0000000000000000000000000000000000000000000000000000100000000000000000000000000000000000000
2 3 0000000000000000000000000000000000000000000000000000100000000000000000000000000000000000000
5 6 0000000000000000000000000000000000000000000000000000010000000000000000000000000000000000000
7 4 0000000000000000000000000000000000000000000000000000010000000000000000000000000000000000000
8 9 0000000000000000000000000000000000000000000000000000001000000000000000000000000000000000001
8 11 0000000000000000000000000000000000000000000000000000001000000000000000000000000000000000000
10 9 0000000000000000000000000000000000000000000000000000001000000000000000000000000000000000000
10 11 0000000000000000000000000000000000000000000000000000001000000000000000000000000000000000001
12 13 0000000000000000000000000000000000000000000000000000000100000000000000000000000000000000001
12 15 0000000000000000000000000000000000000000000000000000000100000000000000000000000000000000000
14 13 0000000000000000000000000000000000000000000000000000000100000000000000000000000000000000000
14 15 0000000000000000000000000000000000000000000000000000000100000000000000000000000000000000001
20 21 0000000000000000000000000000000000000000000000000000000001000000000000000000000000000000000
22 23 0000000000000000000000000000000000000000000000000000000001000000000000000000000000000000000
28 29 0000000000000000000000000000000000000000000000000000000000010000000000000000000000000000001
30 31 0000000000000000000000000000000000000000000000000000000000010000000000000000000000000000001
4 20 0000000000000000000000000000000000000000000000000000000000001000000000000000000000000000000
17 1 0000000000000000000000000000000000000000000000000000000000000100000000000000000000000000000
8 28 0000000000000000000000000000000000000000000000000000000000000000100000000000000000000000000
12 24 0000000000000000000000000000000000000000000000000000000000000000100000000000000000000000000
9 25 0000000000000000000000000000000000000000000000000000000000000000010000000000000000000000000
9 29 0000000000000000000000000000000000000000000000000000000000000000010000000000000000000000000
13 25 0000000000000000000000000000000000000000000000000000000000000000010000000000000000000000000
26 14 0000000000000000000000000000000000000000000000000000000000000000001000000000000000000000000
30 10 0000000000000000000000000000000000000000000000000000000000000000001000000000000000000000000
11 27 0000000000000000000000000000000000000000000000000000000000000000000100000000000000000000000
11 31 0000000000000000000000000000000000000000000000000000000000000000000100000000000000000000000
15 27 0000000000000000000000000000000000000000000000000000000000000000000100000000000000000000000
8 2 0000000000000000000000000000000000000000000000000000000000000000000010000000000000000000000
9 3 0000000000000000000000000000000000000000000000000000000000000000000010000000000000000000000
10 0 0000000000000000000000000000000000000000000000000000000000000000000010000000000000000000000
11 1 0000000000000000000000000000000000000000000000000000000000000000000010000000000000000000000
13 7 0000000000000000000000000000000000000000000000000000000000000000000010000000000000000000000
15 5 0000000000000000000000000000000000000000000000000000000000000000000010000000000000000000000
24 18 0000000000000000000000000000000000000000000000000000000000000000000010000000000000000000000
25 19 0000000000000000000000000000000000000000000000000000000000000000000010000000000000000000000
26 16 0000000000000000000000000000000000000000000000000000000000000000000010000000000000000000000
27 17 0000000000000000000000000000000000000000000000000000000000000000000010000000000000000000000
29 23 0000000000000000000000000000000000000000000000000000000000000000000010000000000000000000000
31 21 0000000000000000000000000000000000000000000000000000000000000000000010000000000000000000000
4 0 0000000000000000000000000000000000000000000000000000000000000000000001000000000000000000000
6 2 0000000000000000000000000000000000000000000000000000000000000000000000010000000000000000000
7 3 0000000000000000000000000000000000000000000000000000000000000000000000001000000000000000000
13 9 0000000000000000000000000000000000000000000000000000000000000000000000000010000000000000000
20 16 0000000000000000000000000000000000000000000000000000000000000000000000000000010000000000000
21 17 0000000000000000000000000000000000000000000000000000000000000000000000000000001000000000000
28 24 0000000000000000000000000000000000000000000000000000000000000000000000000000000001000000000
29 25 0000000000000000000000000000000000000000000000000000000000000000000000000000000000100000000
16 18 0000000000000000000000000000000000000000000000000000000000000000000000000000000000000100000
19 17 0000000000000000000000000000000000000000000000000000000000000000000000000000000000000010000
23 21 0000000000000000000000000000000000000000000000000000000000000000000000000000000000000010000
24 26 0000000000000000000000000000000000000000000000000000000000000000000000000000000000000001000
13 11 0000000000000000000000000000000000000000000000000000000000000000000000000000000000000000100
13 15 0000000000000000000000000000000000000000000000000000000000000000000000000000000000000000100
29 27 0000000000000000000000000000000000000000000000000000000000000000000000000000000000000000100
8 25 0000000000000000000000000000000000000000000000000000000000000000000000000000000000000000001
8 13 0000000000000000000000000000000000000000000000000000000000000000000000000000000000000000001
8 29 0000000000000000000000000000000000000000000000000000000000000000000000000000000000000000001
10 27 0000000000000000000000000000000000000000000000000000000000000000000000000000000000000000001
10 15 0000000000000000000000000000000000000000000000000000000000000000000000000000000000000000001
10 31 0000000000000000000000000000000000000000000000000000000000000000000000000000000000000000001
12 9 0000000000000000000000000000000000000000000000000000000000000000000000000000000000000000001
12 25 0000000000000000000000000000000000000000000000000000000000000000000000000000000000000000001
12 29 0000000000000000000000000000000000000000000000000000000000000000000000000000000000000000001
14 11 0000000000000000000000000000000000000000000000000000000000000000000000000000000000000000001
14 27 0000000000000000000000000000000000000000000000000000000000000000000000000000000000000000001
14 31 0000000000000000000000000000000000000000000000000000000000000000000000000000000000000000001
24 9 0000000000000000000000000000000000000000000000000000000000000000000000000000000000000000001
24 25 0000000000000000000000000000000000000000000000000000000000000000000000000000000000000000001
24 13 0000000000000000000000000000000000000000000000000000000000000000000000000000000000000000001
24 29 0000000000000000000000000000000000000000000000000000000000000000000000000000000000000000001
26 11 0000000000000000000000000000000000000000000000000000000000000000000000000000000000000000001
26 27 0000000000000000000000000000000000000000000000000000000000000000000000000000000000000000001
26 15 0000000000000000000000000000000000000000000000000000000000000000000000000000000000000000001
26 31 0000000000000000000000000000000000000000000000000000000000000000000000000000000000000000001
28 9 0000000000000000000000000000000000000000000000000000000000000000000000000000000000000000001
28 25 0000000000000000000000000000000000000000000000000000000000000000000000000000000000000000001
28 13 0000000000000000000000000000000000000000000000000000000000000000000000000000000000000000001
30 11 0000000000000000000000000000000000000000000000000000000000000000000000000000000000000000001
30 27 0000000000000000000000000000000000000000000000000000000000000000000000000000000000000000001
30 15 0000000000000000000000000000000000000000000000000000000000000000000000000000000000000000001
