0 16 10000000000000000000000000010000000000000000000000000001000000000000000000000000000
4 20 10000000000000000000000000000000000000000000000000000001000000000000000000000000000
8 24 10000000000000000000000000000000000000000000000000000001000000000000000000000000000
12 28 10000000000000000000000000000000000000010000000000000001000000000000000000000000000
1 17 01000000000000000000000000001000000000000000000000000000000000000000000000000000000
1 25 01000000000000000000000000000000000000000000000000000000000000000000000000000000000
1 21 01000000000000000000000000000000000000000000000000000000000000000000000000000000000
1 29 01000000000000000000000000000000000000000000000000000000000000000000000000000000000
5 17 01000000000000000000000000000000000000000000000000000000000000000000000000000000000
5 25 01000000000000000000000000000000000000000000000000000000000000000000000000000000000
5 21 01000000000000000000000000000000000000000000000000000000000000000000000000000000000
5 29 01000000000000000000000000000000000000000000000000000000000000000000000000000000000
9 17 01000000000000000000000000000000000000000000000000000000000000000000000000000000000
9 25 01000000000000000000000000000000000000000000000000000000000000000000000000000000000
9 21 01000000000000000000000000000000000000000000000000000000000000000000000000000000000
9 29 01000000000000000000000000000000000000000000000000000000000000000000000000000000000
13 17 01000000000000000000000000000000000000000000000000000000000000000000000000000000000
13 25 01000000000000000000000000000000000000000000000000000000000000000000000000000000000
13 21 01000000000000000000000000000000000000000000000000000000000000000000000000000000000
13 29 01000000000000000000000000000000000000000000000000000000000000000000000000000000000
2 18 00100000000000000000000000000100000000000000000000000001000000000000000000000000000
6 22 00100000000000000000000000000000000000000000000000000001000000000000000000000000000
10 26 00100000000000000000000000000000000000000000000000000001000000000000000000000000000
14 30 00100000000000000000000000000000000000000000000000000001000000000000000000000000000
19 3 00010000000000000000000000000010000000000000000000000000100000000000000000000000000
19 11 00010000000000000000000000000000000000000000000000000000000000000000000000000000000
23 7 00010000000000000000000000000000000000000000000000000000100000000000000000000000000
23 15 00010000000000000000000000000000000000000000000000000000000000000000000000000000000
27 3 00010000000000000000000000000000000000000000000000000000000000000000000000000000000
27 11 00010000000000000000000000000000000000100000000000000000100000000000000000000000000
31 7 00010000000000000000000000000000000000000000000000000000000000000000000000000000000
31 15 00010000000000000000000000000000000000000010000000000000100000000000000000000000000
8 0 00001000000000000000000000000000000000000000000000000000010000000000000000000000000
8 2 00001000000000000000000000000000000000000000000000000000000000000000000000000000000
10 0 00001000000000000000000000000000000000000000000000000000000000000000000000000000000
10 2 00001000000000000000000000000000000000000000000000000000000000000000000000000000000
12 4 00001000000000000000000000000000000000000000000000000000000001000000000000000000000
12 6 00001000000000000000000000000000000000000000000000000000000000000000000000000000000
14 4 00001000000000000000000000000000000000000000000000000000000000000000000000000000000
14 6 00001000000000000000000000000000000000000000000000000000000000010000000000000000000
24 16 00001000000000000000000000000000000000000000000000000000000000000100000000000000000
24 18 00001000000000000000000000000000000000000000000000000000000000000000000000000000000
26 16 00001000000000000000000000000000000000000000000000000000000000000000000000000000000
26 18 00001000000000000000000000000000000000000000000000000000000000000001000000000000000
28 20 00001000000000000000000000000000000000000000000000000000000000000000010000000000000
28 22 00001000000000000000000000000000000000000000000000000000000000000000000000000000000
30 20 00001000000000000000000000000000000000000000000000000000000000000000000000000000000
30 22 00001000000000000000000000000000000000000000000000000000000000000000000100000000000
1 9 00000100000000000000000000000000000000000001000000000000000000000000000000000000000
3 11 00000100000000000000000000000000000000000001000000000000000000000000000000000000000
5 13 00000100000000000000000000000000000000000001000000000000000000000000000000000000000
7 15 00000100000000000000000000000000000000000001000000000000000000001000000000000000000
17 25 00000100000000000000000000000000000000000001000000000000000000000000000000000000000
19 27 00000100000000000000000000000000000000000001000000000000000000000000100000000000000
21 29 00000100000000000000000000000000000000000001000000000000000000000000001000000000000
23 31 00000100000000000000000000000000000000000001000000000000000000000000000010000000000
0 4 00000010000000000000000000000000000000000000100000000000000000000000000001000000000
5 1 00000001000000000000000000000000000000000000000000000000000000000000000000100000000
2 6 00000000100000000000000000000000000000000000100000000000000000000000000000010000000
3 7 00000000010000000000000000000000000000000000100000000000000000000000000000000000000
8 12 00000000001000000000000000000000000000000000000000000000000000000000000001000000000
9 13 00000000000100000000000000000000000000000000000000000000000000000000000000000000000
14 10 00000000000010000000000000000000000000000000010000000000000000000000000000000000000
15 11 00000000000001000000000000000000000000000000010000000000000000000000000000001000000
16 20 00000000000000100000000000000000000000000000100000000000000000000000000000000100000
17 21 00000000000000010000000000000000000000000000100000000000000000000000000000000000000
22 18 00000000000000001000000000000000000000000000000000000000000000000000000000000001000
23 19 00000000000000000100000000000000000000000000000000000000000000000000000000000000100
24 28 00000000000000000010000000000000000000000000000000000000000000000000000000000100000
29 25 00000000000000000001000000000000000000000000010000000000000000000000000000000010000
26 30 00000000000000000000100000000000000000000000000000000000000000000000000000000000000
31 27 00000000000000000000010000000000000000000000010000000000000000000000000000000000100
2 0 00000000000000000000001000000000000000000000001000000000000000000000000000000000010
6 4 00000000000000000000001000000000000000000000001000000000000000000000000000000000010
18 16 00000000000000000000001000000000000000000000001000000000000000000000000000000000010
22 20 00000000000000000000001000000000000000000000001000000000000000000000000000000000010
1 3 00000000000000000000000100000000000000000000000000000000000000000000000000000000000
5 7 00000000000000000000000100000000000000000000000000000000000000000000000000000000000
17 19 00000000000000000000000100000000000000000000000000000000000000000000000000000000000
21 23 00000000000000000000000100000000000000000000000000000000000000000000000000000000000
8 10 00000000000000000000000010000000000000000000000000000000000000000000000000000000000
12 14 00000000000000000000000010000000000000000000000000000000000000000000000000000000000
24 26 00000000000000000000000010000000000000000000000000000000000000000000000000000000000
28 30 00000000000000000000000010000000000000000000000000000000000000000000000000000000000
9 11 00000000000000000000000001000000000000000000000000000000000000000000000000000000000
9 27 00000000000000000000000001000000000000000000000000000000000000000000000000000000000
13 15 00000000000000000000000001000000000000000000000000000000000000000000000000000000000
13 31 00000000000000000000000001000000000000000000000000000000000000000000000000000000000
25 11 00000000000000000000000001000000000000000000000000000000000000000000000000000000000
25 27 00000000000000000000000001000000000000000000000000000000000000000000000000000000000
29 15 00000000000000000000000001000000000000000000000000000000000000000000000000000000000
29 31 00000000000000000000000001000000000000000000000000000000000000000000000000000000000
1 0 00000000000000000000000000100000000000000000000000000000000000000000000000000000000
3 2 00000000000000000000000000100000000000000000000000000000000000000000000000000000000
5 4 00000000000000000000000000100000000000000000000000000000000000000000000000000000000
7 6 00000000000000000000000000100000000000000000000000100000000000000000000000000000000
9 8 00000000000000000000000000100000000000000000000000000000000000000000000000000000000
11 10 00000000000000000000000000100000000000000000000000001000000000000000000000000000000
13 12 00000000000000000000000000100000000000000000000000000100000000000000000000000000000
15 14 00000000000000000000000000100000000000000000000000000000000000000000000000000000000
17 16 00000000000000000000000000100000000000000000000000000000000000000000000000000000000
19 18 00000000000000000000000000100000000000000000000000000000000000000000000000000000000
21 20 00000000000000000000000000100000000000000000000000000000000000000000000000000000000
23 22 00000000000000000000000000100000000000000000000000100000000000000000000000000000000
25 24 00000000000000000000000000100000000000000000000000000000000000000000000000000000000
27 26 00000000000000000000000000100000000000000000000000001000000000000000000000000000000
29 28 00000000000000000000000000100000000000000000000000000100000000000000000000000000000
31 30 00000000000000000000000000100000000000000000000000000000000000000000000000000000000
20 4 00000000000000000000000000000001000000000000000000000000000000000000000000000000000
21 5 00000000000000000000000000000000100000000000000000000000100000000000000000000000000
22 6 00000000000000000000000000000000010000000000000000000000000000000000000000000000000
7 23 00000000000000000000000000000000001000000000000000000000000000000000000000000000000
24 8 00000000000000000000000000000000000100000000000000000000000000000000000000000000000
25 9 00000000000000000000000000000000000010000000000000000000100000000000000000000000000
26 10 00000000000000000000000000000000000001000000000000000000000000000000000000000000000
29 13 00000000000000000000000000000000000000001000000000000000100000000000000000000000000
30 14 00000000000000000000000000000000000000000100000000000000000000000000000000000000000
0 8 00000000000000000000000000000000000000000001000000000000000000000000000000000000000
0 10 00000000000000000000000000000000000000000001000000000000000000000000000000000000000
1 11 00000000000000000000000000000000000000000001000000000000000000000000000000000000000
2 8 00000000000000000000000000000000000000000001000000000000000000000000000000000000000
2 10 00000000000000000000000000000000000000000001000000000000000100000000000000000000000
3 9 00000000000000000000000000000000000000000001000000000000000000000000000000000000000
4 12 00000000000000000000000000000000000000000001000000000000000000000000000000000000000
4 14 00000000000000000000000000000000000000000001000000000000000000000000000000000000000
5 15 00000000000000000000000000000000000000000001000000000000000000000000000000000000000
6 12 00000000000000000000000000000000000000000001000000000000000000000000000000000000000
6 14 00000000000000000000000000000000000000000001000000000000000000000000000000000000000
7 13 00000000000000000000000000000000000000000001000000000000000000000000000000000000000
16 24 00000000000000000000000000000000000000000001000000000000000000000000000000000000000
16 26 00000000000000000000000000000000000000000001000000000000000000000000000000000000000
17 27 00000000000000000000000000000000000000000001000000000000000000000000000000000000000
18 24 00000000000000000000000000000000000000000001000000000000000000000000000000000000000
18 26 00000000000000000000000000000000000000000001000000000000000000000000000000000000000
19 25 00000000000000000000000000000000000000000001000000000000000000000000000000000000000
20 28 00000000000000000000000000000000000000000001000000000000000000000000000000000000000
20 30 00000000000000000000000000000000000000000001000000000000000000000000000000000000000
21 31 00000000000000000000000000000000000000000001000000000000000000000000000000000000000
22 28 00000000000000000000000000000000000000000001000000000000000000000000000000000000000
22 30 00000000000000000000000000000000000000000001000000000000000000000000000000000000000
23 29 00000000000000000000000000000000000000000001000000000000000000000000000000000000000
0 5 00000000000000000000000000000000000000000000100000000000000000000000000000000000000
1 4 00000000000000000000000000000000000000000000100000000000000000000000000000000000000
1 5 00000000000000000000000000000000000000000000100000000000000000000000000000000000000
2 7 00000000000000000000000000000000000000000000100000000000000000000000000000000000000
3 6 00000000000000000000000000000000000000000000100000000000000000000000000000000000000
16 21 00000000000000000000000000000000000000000000100000000000000000000000000000000000000
17 20 00000000000000000000000000000000000000000000100000000000000000000000000000000000000
18 22 00000000000000000000000000000000000000000000100000000000000000000000000000000000000
18 23 00000000000000000000000000000000000000000000100000000000000000000000000000000000000
19 22 00000000000000000000000000000000000000000000100000000000000000000000000000000000000
19 23 00000000000000000000000000000000000000000000100000000000000000000000000000000000000
12 8 00000000000000000000000000000000000000000000010000000000000000000000000000000000000
13 9 00000000000000000000000000000000000000000000010000000000000000000000000000100000000
28 24 00000000000000000000000000000000000000000000010000000000000000000000000000000000000
30 26 00000000000000000000000000000000000000000000010000000000000000000000000000000001000
3 1 00000000000000000000000000000000000000000000001000000000000000000000000000000000010
7 5 00000000000000000000000000000000000000000000001000000000000000000000000000000000010
10 8 00000000000000000000000000000000000000000000001000000000000000000000000000000000010
11 9 00000000000000000000000000000000000000000000001000000000000000000000000000000000010
14 12 00000000000000000000000000000000000000000000001000000000000000000000000000000000010
15 13 00000000000000000000000000000000000000000000001000000000000000000000000000000000010
19 17 00000000000000000000000000000000000000000000001000000000000000000000000000000000010
23 21 00000000000000000000000000000000000000000000001000000000000000000000000000000000010
26 24 00000000000000000000000000000000000000000000001000000000000000000000000000000000010
27 25 00000000000000000000000000000000000000000000001000000000000000000000000000000000010
30 28 00000000000000000000000000000000000000000000001000000000000000000000000000000000010
31 29 00000000000000000000000000000000000000000000001000000000000000000000000000000000010
0 1 00000000000000000000000000000000000000000000000100000000000000000000000000000000001
0 17 00000000000000000000000000000000000000000000000100000000000000000000000000000000000
16 1 00000000000000000000000000000000000000000000000100000000000000000000000000000000000
16 17 00000000000000000000000000000000000000000000000100000000000000000000000000000000001
2 3 00000000000000000000000000000000000000000000000010000000000000000000000000000000001
18 19 00000000000000000000000000000000000000000000000010000000000000000000000000000000001
4 5 00000000000000000000000000000000000000000000000001000000000000000000000000000000001
4 21 00000000000000000000000000000000000000000000000001000000000000000000000000000000000
20 5 00000000000000000000000000000000000000000000000001000000000000000000000000000000000
20 21 00000000000000000000000000000000000000000000000001000000000000000000000000000000001
7 22 00000000000000000000000000000000000000000000000000100000000000000000000000000000000
23 6 00000000000000000000000000000000000000000000000000100000000000000000000000000000000
8 9 00000000000000000000000000000000000000000000000000010000000000000000000000000000001
8 25 00000000000000000000000000000000000000000000000000010000000000000000000000000000000
24 9 00000000000000000000000000000000000000000000000000010000000000000000000000000000000
24 25 00000000000000000000000000000000000000000000000000010000000000000000000000000000001
14 15 00000000000000000000000000000000000000000000000000000010000000000000000000000000001
14 31 00000000000000000000000000000000000000000000000000000010000000000000000000000000000
30 15 00000000000000000000000000000000000000000000000000000010000000000000000000000000000
30 31 00000000000000000000000000000000000000000000000000000010000000000000000000000000001
0 20 00000000000000000000000000000000000000000000000000000001000000000000000000000000000
2 22 00000000000000000000000000000000000000000000000000000001000000000000000000000000000
4 16 00000000000000000000000000000000000000000000000000000001000000000000000000000000000
6 18 00000000000000000000000000000000000000000000000000000001000000000000000000000000000
8 28 00000000000000000000000000000000000000000000000000000001000000000000000000000000000
10 30 00000000000000000000000000000000000000000000000000000001000000000000000000000000000
12 24 00000000000000000000000000000000000000000000000000000001000000000000000000000000000
14 26 00000000000000000000000000000000000000000000000000000001000000000000000000000000000
17 1 00000000000000000000000000000000000000000000000000000000100000000000000000000000000
17 5 00000000000000000000000000000000000000000000000000000000100000000000000000000000000
19 7 00000000000000000000000000000000000000000000000000000000100000000000000000000000000
21 1 00000000000000000000000000000000000000000000000000000000100000000000000000000000000
23 3 00000000000000000000000000000000000000000000000000000000100000000000000000000000000
25 13 00000000000000000000000000000000000000000000000000000000100000000000000000000000000
27 15 00000000000000000000000000000000000000000000000000000000100000000000000000000000000
29 9 00000000000000000000000000000000000000000000000000000000100000000000000000000000000
31 11 00000000000000000000000000000000000000000000000000000000100000000000000000000000000
9 1 00000000000000000000000000000000000000000000000000000000001000000000000000000000000
11 3 00000000000000000000000000000000000000000000000000000000000010000000000000000000000
13 5 00000000000000000000000000000000000000000000000000000000000000100000000000000000000
25 17 00000000000000000000000000000000000000000000000000000000000000000010000000000000000
0 12 00000000000000000000000000000000000000000000000000000000000000000000000001000000000
8 4 00000000000000000000000000000000000000000000000000000000000000000000000001000000000
5 9 00000000000000000000000000000000000000000000000000000000000000000000000000100000000
13 1 00000000000000000000000000000000000000000000000000000000000000000000000000100000000
10 14 00000000000000000000000000000000000000000000000000000000000000000000000000010000000
7 3 00000000000000000000000000000000000000000000000000000000000000000000000000001000000
21 17 00000000000000000000000000000000000000000000000000000000000000000000000000000010000
6 7 00000000000000000000000000000000000000000000000000000000000000000000000000000000001
10 11 00000000000000000000000000000000000000000000000000000000000000000000000000000000001
12 13 00000000000000000000000000000000000000000000000000000000000000000000000000000000001
22 23 00000000000000000000000000000000000000000000000000000000000000000000000000000000001
26 27 00000000000000000000000000000000000000000000000000000000000000000000000000000000001
28 29 00000000000000000000000000000000000000000000000000000000000000000000000000000000001
